0.0000 38
1.0000 90
2.0000 107
3.0000 106
4.0000 92
5.0000 83
6.0000 86
7.0000 110
8.0000 102
9.0000 93
10.0000 88
11.0000 84
12.0000 108
13.0000 101
14.0000 98
15.0000 107
16.0000 108
17.0000 98
18.0000 94
19.0000 125
20.0000 104
21.0000 124
22.0000 95
23.0000 83
24.0000 92
25.0000 113
26.0000 109
27.0000 94
28.0000 97
29.0000 93
30.0000 99
31.0000 109
32.0000 96
33.0000 104
34.0000 89
35.0000 114
36.0000 86
37.0000 97
38.0000 115
39.0000 101
40.0000 88
41.0000 98
42.0000 98
43.0000 77
44.0000 103
45.0000 92
46.0000 107
47.0000 114
48.0000 94
49.0000 122
50.0000 111
51.0000 105
52.0000 77
53.0000 98
54.0000 99
55.0000 108
56.0000 98
57.0000 97
58.0000 97
59.0000 116
60.0000 105
61.0000 118
62.0000 98
63.0000 94
64.0000 107
65.0000 95
66.0000 98
67.0000 98
68.0000 98
69.0000 120
70.0000 96
71.0000 88
72.0000 100
73.0000 101
74.0000 112
75.0000 104
76.0000 122
77.0000 102
78.0000 109
79.0000 113
80.0000 115
81.0000 100
82.0000 94
83.0000 91
84.0000 99
85.0000 85
86.0000 113
87.0000 105
88.0000 93
89.0000 95
90.0000 97
91.0000 94
92.0000 102
93.0000 116
94.0000 108
95.0000 91
96.0000 90
97.0000 108
98.0000 91
99.0000 101
100.0000 97
101.0000 96
102.0000 109
103.0000 119
104.0000 101
105.0000 101
106.0000 102
107.0000 95
108.0000 97
109.0000 98
110.0000 90
111.0000 97
112.0000 110
113.0000 107
114.0000 103
115.0000 97
116.0000 102
117.0000 98
118.0000 95
119.0000 96
120.0000 95
121.0000 83
122.0000 85
123.0000 91
124.0000 106
125.0000 104
126.0000 98
127.0000 89
128.0000 94
129.0000 88
130.0000 91
131.0000 82
132.0000 73
133.0000 70
134.0000 84
135.0000 50
136.0000 63
137.0000 70
138.0000 69
139.0000 56
140.0000 79
141.0000 56
142.0000 69
143.0000 74
144.0000 76
145.0000 74
146.0000 74
147.0000 74
148.0000 95
149.0000 104
150.0000 86
151.0000 83
152.0000 95
153.0000 81
154.0000 89
155.0000 87
156.0000 80
157.0000 106
158.0000 113
159.0000 76
160.0000 92
161.0000 84
162.0000 102
163.0000 86
164.0000 91
165.0000 90
166.0000 95
167.0000 95
168.0000 112
169.0000 85
170.0000 102
171.0000 118
172.0000 88
173.0000 79
174.0000 111
175.0000 104
176.0000 93
177.0000 82
178.0000 100
179.0000 102
180.0000 87
181.0000 92
182.0000 113
183.0000 103
184.0000 95
185.0000 102
186.0000 92
187.0000 87
188.0000 86
189.0000 81
190.0000 97
191.0000 118
192.0000 83
193.0000 107
194.0000 83
195.0000 103
196.0000 84
197.0000 110
198.0000 114
199.0000 118
200.0000 95
201.0000 99
202.0000 108
203.0000 98
204.0000 91
205.0000 110
206.0000 91
207.0000 115
208.0000 103
209.0000 94
210.0000 109
211.0000 115
212.0000 100
213.0000 119
214.0000 97
215.0000 101
216.0000 79
217.0000 103
218.0000 92
219.0000 102
220.0000 98
221.0000 102
222.0000 92
223.0000 71
224.0000 87
225.0000 97
226.0000 99
227.0000 102
228.0000 100
229.0000 114
230.0000 93
231.0000 108
232.0000 112
233.0000 98
234.0000 98
235.0000 92
236.0000 100
237.0000 108
238.0000 106
239.0000 78
240.0000 89
241.0000 98
242.0000 85
243.0000 106
244.0000 103
245.0000 106
246.0000 98
247.0000 108
248.0000 99
249.0000 93
250.0000 112
251.0000 103
252.0000 113
253.0000 96
254.0000 103
255.0000 79
256.0000 97
257.0000 112
258.0000 95
259.0000 93
260.0000 97
261.0000 85
262.0000 109
263.0000 97
264.0000 107
265.0000 81
266.0000 103
267.0000 78
268.0000 96
269.0000 99
270.0000 83
271.0000 96
272.0000 90
273.0000 91
274.0000 121
275.0000 107
276.0000 94
277.0000 112
278.0000 113
279.0000 111
280.0000 103
281.0000 87
282.0000 98
283.0000 92
284.0000 92
285.0000 89
286.0000 88
287.0000 102
288.0000 106
289.0000 97
290.0000 90
291.0000 102
292.0000 83
293.0000 90
294.0000 92
295.0000 88
296.0000 114
297.0000 98
298.0000 114
299.0000 106
300.0000 88
301.0000 103
302.0000 112
303.0000 90
304.0000 87
305.0000 109
306.0000 88
307.0000 108
308.0000 109
309.0000 104
310.0000 112
311.0000 93
312.0000 102
313.0000 88
314.0000 88
315.0000 110
316.0000 85
317.0000 104
318.0000 97
319.0000 116
320.0000 114
321.0000 97
322.0000 85
323.0000 104
324.0000 105
325.0000 101
326.0000 106
327.0000 103
328.0000 102
329.0000 115
330.0000 90
331.0000 105
332.0000 101
333.0000 102
334.0000 101
335.0000 105
336.0000 108
337.0000 88
338.0000 122
339.0000 99
340.0000 87
341.0000 104
342.0000 93
343.0000 88
344.0000 92
345.0000 98
346.0000 99
347.0000 89
348.0000 77
349.0000 94
350.0000 125
351.0000 102
352.0000 92
353.0000 105
354.0000 89
355.0000 97
356.0000 98
357.0000 92
358.0000 87
359.0000 78
360.0000 80
361.0000 102
362.0000 74
363.0000 84
364.0000 78
365.0000 83
366.0000 86
367.0000 86
368.0000 83
369.0000 87
370.0000 69
371.0000 55
372.0000 62
373.0000 69
374.0000 76
375.0000 65
376.0000 70
377.0000 64
378.0000 68
379.0000 74
380.0000 80
381.0000 78
382.0000 104
383.0000 92
384.0000 77
385.0000 72
386.0000 89
387.0000 73
388.0000 87
389.0000 94
390.0000 93
391.0000 93
392.0000 95
393.0000 89
394.0000 111
395.0000 102
396.0000 89
397.0000 109
398.0000 90
399.0000 120
400.0000 106
401.0000 97
402.0000 112
403.0000 121
404.0000 87
405.0000 93
406.0000 116
407.0000 105
408.0000 106
409.0000 103
410.0000 98
411.0000 96
412.0000 95
413.0000 99
414.0000 85
415.0000 129
416.0000 96
417.0000 100
418.0000 92
419.0000 114
420.0000 115
421.0000 91
422.0000 93
423.0000 92
424.0000 92
425.0000 109
426.0000 92
427.0000 100
428.0000 93
429.0000 112
430.0000 105
431.0000 104
432.0000 96
433.0000 101
434.0000 76
435.0000 102
436.0000 105
437.0000 90
438.0000 89
439.0000 90
440.0000 116
441.0000 97
442.0000 102
443.0000 106
444.0000 89
445.0000 80
446.0000 92
447.0000 89
448.0000 103
449.0000 84
450.0000 106
451.0000 82
452.0000 90
453.0000 108
454.0000 101
455.0000 104
456.0000 101
457.0000 92
458.0000 114
459.0000 88
460.0000 98
461.0000 126
462.0000 113
463.0000 91
464.0000 99
465.0000 99
466.0000 94
467.0000 94
468.0000 99
469.0000 88
470.0000 110
471.0000 96
472.0000 88
473.0000 125
474.0000 104
475.0000 104
476.0000 118
477.0000 106
478.0000 94
479.0000 87
480.0000 101
481.0000 97
482.0000 90
483.0000 113
484.0000 89
485.0000 86
486.0000 95
487.0000 88
488.0000 95
489.0000 105
490.0000 88
491.0000 83
492.0000 92
493.0000 99
494.0000 98
495.0000 102
496.0000 104
497.0000 83
498.0000 91
499.0000 110
500.0000 90
501.0000 101
502.0000 114
503.0000 101
504.0000 105
505.0000 99
506.0000 83
507.0000 88
508.0000 103
509.0000 100
510.0000 76
511.0000 110
