0.0000 43
1.0000 87
2.0000 105
3.0000 91
4.0000 86
5.0000 83
6.0000 80
7.0000 108
8.0000 94
9.0000 95
10.0000 93
11.0000 95
12.0000 81
13.0000 97
14.0000 80
15.0000 86
16.0000 97
17.0000 108
18.0000 99
19.0000 96
20.0000 105
21.0000 91
22.0000 97
23.0000 101
24.0000 108
25.0000 89
26.0000 106
27.0000 88
28.0000 110
29.0000 81
30.0000 89
31.0000 102
32.0000 97
33.0000 96
34.0000 99
35.0000 101
36.0000 98
37.0000 93
38.0000 86
39.0000 103
40.0000 93
41.0000 81
42.0000 95
43.0000 79
44.0000 93
45.0000 92
46.0000 91
47.0000 105
48.0000 95
49.0000 93
50.0000 96
51.0000 105
52.0000 91
53.0000 109
54.0000 80
55.0000 63
56.0000 83
57.0000 91
58.0000 87
59.0000 81
60.0000 99
61.0000 88
62.0000 90
63.0000 80
64.0000 95
65.0000 98
66.0000 110
67.0000 82
68.0000 69
69.0000 89
70.0000 82
71.0000 97
72.0000 101
73.0000 94
74.0000 93
75.0000 82
76.0000 91
77.0000 87
78.0000 96
79.0000 79
80.0000 92
81.0000 105
82.0000 102
83.0000 109
84.0000 108
85.0000 88
86.0000 100
87.0000 94
88.0000 98
89.0000 95
90.0000 86
91.0000 92
92.0000 84
93.0000 99
94.0000 85
95.0000 105
96.0000 103
97.0000 83
98.0000 89
99.0000 104
100.0000 86
101.0000 88
102.0000 86
103.0000 80
104.0000 92
105.0000 99
106.0000 91
107.0000 108
108.0000 86
109.0000 73
110.0000 71
111.0000 68
112.0000 80
113.0000 80
114.0000 79
115.0000 75
116.0000 100
117.0000 82
118.0000 81
119.0000 97
120.0000 83
121.0000 93
122.0000 82
123.0000 86
124.0000 87
125.0000 90
126.0000 107
127.0000 85
128.0000 103
129.0000 94
130.0000 81
131.0000 102
132.0000 97
133.0000 98
134.0000 82
135.0000 94
136.0000 86
137.0000 115
138.0000 105
139.0000 102
140.0000 108
141.0000 119
142.0000 95
143.0000 82
144.0000 84
145.0000 87
146.0000 106
147.0000 99
148.0000 72
149.0000 101
150.0000 94
151.0000 100
152.0000 88
153.0000 95
154.0000 110
155.0000 98
156.0000 94
157.0000 85
158.0000 94
159.0000 96
160.0000 93
161.0000 93
162.0000 89
163.0000 100
164.0000 84
165.0000 100
166.0000 90
167.0000 83
168.0000 89
169.0000 68
170.0000 86
171.0000 82
172.0000 99
173.0000 86
174.0000 80
175.0000 80
176.0000 73
177.0000 80
178.0000 77
179.0000 73
180.0000 83
181.0000 78
182.0000 98
183.0000 72
184.0000 85
185.0000 94
186.0000 75
187.0000 83
188.0000 78
189.0000 84
190.0000 85
191.0000 96
192.0000 85
193.0000 95
194.0000 99
195.0000 85
196.0000 89
197.0000 112
198.0000 76
199.0000 94
200.0000 94
201.0000 79
202.0000 120
203.0000 91
204.0000 93
205.0000 99
206.0000 91
207.0000 86
208.0000 91
209.0000 93
210.0000 97
211.0000 87
212.0000 112
213.0000 103
214.0000 101
215.0000 80
216.0000 107
217.0000 112
218.0000 77
219.0000 95
220.0000 64
221.0000 84
222.0000 92
223.0000 111
224.0000 82
225.0000 79
226.0000 115
227.0000 76
228.0000 89
229.0000 91
230.0000 91
231.0000 87
232.0000 98
233.0000 86
234.0000 107
235.0000 104
236.0000 96
237.0000 91
238.0000 92
239.0000 84
240.0000 90
241.0000 100
242.0000 76
243.0000 100
244.0000 79
245.0000 113
246.0000 90
247.0000 93
248.0000 96
249.0000 88
250.0000 90
251.0000 99
252.0000 88
253.0000 109
254.0000 83
255.0000 96
256.0000 100
257.0000 96
258.0000 99
259.0000 97
260.0000 93
261.0000 115
262.0000 90
263.0000 89
264.0000 96
265.0000 97
266.0000 103
267.0000 101
268.0000 97
269.0000 109
270.0000 117
271.0000 121
272.0000 89
273.0000 92
274.0000 90
275.0000 106
276.0000 84
277.0000 79
278.0000 101
279.0000 76
280.0000 103
281.0000 80
282.0000 79
283.0000 90
284.0000 93
285.0000 95
286.0000 105
287.0000 88
288.0000 109
289.0000 107
290.0000 102
291.0000 97
292.0000 102
293.0000 93
294.0000 86
295.0000 100
296.0000 94
297.0000 119
298.0000 101
299.0000 88
300.0000 99
301.0000 80
302.0000 100
303.0000 106
304.0000 79
305.0000 83
306.0000 88
307.0000 94
308.0000 114
309.0000 98
310.0000 102
311.0000 86
312.0000 79
313.0000 94
314.0000 98
315.0000 88
316.0000 81
317.0000 82
318.0000 99
319.0000 103
320.0000 90
321.0000 107
322.0000 124
323.0000 69
324.0000 62
325.0000 85
326.0000 72
327.0000 70
328.0000 77
329.0000 64
330.0000 78
331.0000 74
332.0000 74
333.0000 79
334.0000 76
335.0000 73
336.0000 76
337.0000 81
338.0000 88
339.0000 80
340.0000 85
341.0000 99
342.0000 98
343.0000 85
344.0000 108
345.0000 96
346.0000 104
347.0000 95
348.0000 92
349.0000 91
350.0000 88
351.0000 86
352.0000 85
353.0000 103
354.0000 90
355.0000 106
356.0000 92
357.0000 88
358.0000 98
359.0000 107
360.0000 98
361.0000 97
362.0000 82
363.0000 98
364.0000 103
365.0000 94
366.0000 68
367.0000 86
368.0000 83
369.0000 78
370.0000 78
371.0000 83
372.0000 104
373.0000 97
374.0000 96
375.0000 74
376.0000 103
377.0000 95
378.0000 79
379.0000 92
380.0000 74
381.0000 84
382.0000 87
383.0000 68
384.0000 94
385.0000 102
386.0000 93
387.0000 87
388.0000 73
389.0000 88
390.0000 83
391.0000 93
392.0000 103
393.0000 100
394.0000 85
395.0000 96
396.0000 74
397.0000 71
398.0000 83
399.0000 71
400.0000 66
401.0000 76
402.0000 71
403.0000 79
404.0000 100
405.0000 78
406.0000 92
407.0000 93
408.0000 106
409.0000 84
410.0000 86
411.0000 99
412.0000 74
413.0000 92
414.0000 99
415.0000 98
416.0000 94
417.0000 93
418.0000 111
419.0000 81
420.0000 103
421.0000 98
422.0000 73
423.0000 88
424.0000 99
425.0000 95
426.0000 94
427.0000 91
428.0000 92
429.0000 92
430.0000 104
431.0000 85
432.0000 82
433.0000 99
434.0000 90
435.0000 92
436.0000 87
437.0000 96
438.0000 97
439.0000 93
440.0000 93
441.0000 79
442.0000 102
443.0000 98
444.0000 106
445.0000 86
446.0000 105
447.0000 80
448.0000 90
449.0000 96
450.0000 111
451.0000 95
452.0000 88
453.0000 95
454.0000 95
455.0000 74
456.0000 99
457.0000 100
458.0000 98
459.0000 85
460.0000 80
461.0000 93
462.0000 102
463.0000 90
464.0000 102
465.0000 91
466.0000 84
467.0000 96
468.0000 87
469.0000 82
470.0000 103
471.0000 96
472.0000 115
473.0000 96
474.0000 89
475.0000 92
476.0000 103
477.0000 93
478.0000 101
479.0000 99
480.0000 93
481.0000 91
482.0000 89
483.0000 80
484.0000 92
485.0000 105
486.0000 107
487.0000 94
488.0000 79
489.0000 111
490.0000 82
491.0000 102
492.0000 102
493.0000 79
494.0000 91
495.0000 84
496.0000 96
497.0000 93
498.0000 82
499.0000 101
500.0000 94
501.0000 98
502.0000 84
503.0000 102
504.0000 97
505.0000 91
506.0000 86
507.0000 91
508.0000 92
509.0000 118
510.0000 83
511.0000 88
