0.0000 47
1.0000 137
2.0000 133
3.0000 143
4.0000 139
5.0000 120
6.0000 140
7.0000 137
8.0000 124
9.0000 133
10.0000 143
11.0000 145
12.0000 133
13.0000 136
14.0000 145
15.0000 132
16.0000 134
17.0000 133
18.0000 140
19.0000 128
20.0000 120
21.0000 142
22.0000 158
23.0000 146
24.0000 125
25.0000 149
26.0000 145
27.0000 129
28.0000 142
29.0000 145
30.0000 130
31.0000 141
32.0000 155
33.0000 140
34.0000 136
35.0000 151
36.0000 144
37.0000 131
38.0000 133
39.0000 118
40.0000 124
41.0000 147
42.0000 135
43.0000 135
44.0000 138
45.0000 122
46.0000 107
47.0000 124
48.0000 123
49.0000 126
50.0000 114
51.0000 102
52.0000 104
53.0000 95
54.0000 105
55.0000 84
56.0000 116
57.0000 116
58.0000 133
59.0000 126
60.0000 113
61.0000 134
62.0000 131
63.0000 141
64.0000 133
65.0000 153
66.0000 130
67.0000 115
68.0000 146
69.0000 154
70.0000 105
71.0000 144
72.0000 130
73.0000 140
74.0000 112
75.0000 135
76.0000 112
77.0000 146
78.0000 134
79.0000 123
80.0000 144
81.0000 107
82.0000 146
83.0000 122
84.0000 140
85.0000 122
86.0000 121
87.0000 121
88.0000 112
89.0000 126
90.0000 104
91.0000 99
92.0000 123
93.0000 123
94.0000 121
95.0000 145
96.0000 131
97.0000 128
98.0000 127
99.0000 112
100.0000 146
101.0000 127
102.0000 144
103.0000 159
104.0000 132
105.0000 128
106.0000 140
107.0000 135
108.0000 110
109.0000 140
110.0000 142
111.0000 142
112.0000 133
113.0000 147
114.0000 127
115.0000 129
116.0000 125
117.0000 136
118.0000 105
119.0000 111
120.0000 106
121.0000 124
122.0000 127
123.0000 161
124.0000 137
125.0000 144
126.0000 134
127.0000 127
128.0000 153
129.0000 123
130.0000 163
131.0000 130
132.0000 121
133.0000 157
134.0000 140
135.0000 132
136.0000 125
137.0000 132
138.0000 123
139.0000 132
140.0000 113
141.0000 87
142.0000 116
143.0000 114
144.0000 113
145.0000 133
146.0000 122
147.0000 118
148.0000 126
149.0000 182
150.0000 134
151.0000 131
152.0000 145
153.0000 116
154.0000 153
155.0000 158
156.0000 153
157.0000 149
158.0000 123
159.0000 133
160.0000 142
161.0000 149
162.0000 149
163.0000 121
164.0000 122
165.0000 138
166.0000 107
167.0000 129
168.0000 121
169.0000 93
170.0000 109
171.0000 100
172.0000 96
173.0000 110
174.0000 111
175.0000 133
176.0000 123
177.0000 123
178.0000 125
179.0000 145
180.0000 155
181.0000 159
182.0000 132
183.0000 138
184.0000 118
185.0000 128
186.0000 124
187.0000 125
188.0000 147
189.0000 152
190.0000 133
191.0000 132
192.0000 121
193.0000 131
194.0000 134
195.0000 153
196.0000 136
197.0000 132
198.0000 147
199.0000 153
200.0000 132
201.0000 161
202.0000 164
203.0000 128
204.0000 131
205.0000 134
206.0000 119
207.0000 120
208.0000 125
209.0000 108
210.0000 94
211.0000 109
212.0000 100
213.0000 82
214.0000 105
215.0000 115
216.0000 101
217.0000 143
218.0000 111
219.0000 120
220.0000 142
221.0000 120
222.0000 122
223.0000 130
224.0000 131
225.0000 147
226.0000 150
227.0000 131
228.0000 143
229.0000 142
230.0000 140
231.0000 123
232.0000 131
233.0000 133
234.0000 146
235.0000 124
236.0000 117
237.0000 117
238.0000 137
239.0000 153
240.0000 131
241.0000 123
242.0000 137
243.0000 154
244.0000 130
245.0000 147
246.0000 139
247.0000 137
248.0000 149
249.0000 132
250.0000 168
251.0000 132
252.0000 124
253.0000 120
254.0000 147
255.0000 144
256.0000 132
257.0000 140
258.0000 158
259.0000 135
260.0000 143
261.0000 140
262.0000 150
263.0000 154
264.0000 138
265.0000 155
266.0000 149
267.0000 161
268.0000 136
269.0000 160
270.0000 138
271.0000 143
272.0000 163
273.0000 131
274.0000 159
275.0000 156
276.0000 150
277.0000 133
278.0000 140
279.0000 133
280.0000 154
281.0000 140
282.0000 144
283.0000 132
284.0000 128
285.0000 109
286.0000 154
287.0000 146
288.0000 117
289.0000 139
290.0000 135
291.0000 152
292.0000 132
293.0000 123
294.0000 123
295.0000 113
296.0000 113
297.0000 91
298.0000 113
299.0000 113
300.0000 122
301.0000 98
302.0000 99
303.0000 114
304.0000 116
305.0000 115
306.0000 136
307.0000 131
308.0000 124
309.0000 145
310.0000 155
311.0000 134
312.0000 135
313.0000 134
314.0000 144
315.0000 136
316.0000 130
317.0000 150
318.0000 156
319.0000 137
320.0000 129
321.0000 149
322.0000 126
323.0000 146
324.0000 129
325.0000 136
326.0000 133
327.0000 134
328.0000 137
329.0000 130
330.0000 135
331.0000 135
332.0000 136
333.0000 118
334.0000 118
335.0000 139
336.0000 148
337.0000 130
338.0000 117
339.0000 115
340.0000 102
341.0000 101
342.0000 99
343.0000 107
344.0000 131
345.0000 151
346.0000 120
347.0000 143
348.0000 121
349.0000 133
350.0000 115
351.0000 118
352.0000 159
353.0000 144
354.0000 154
355.0000 140
356.0000 142
357.0000 122
358.0000 96
359.0000 146
360.0000 134
361.0000 149
362.0000 139
363.0000 175
364.0000 146
365.0000 138
366.0000 111
367.0000 124
368.0000 119
369.0000 104
370.0000 127
371.0000 120
372.0000 103
373.0000 98
374.0000 145
375.0000 172
376.0000 129
377.0000 136
378.0000 164
379.0000 128
380.0000 155
381.0000 151
382.0000 129
383.0000 143
384.0000 138
385.0000 119
386.0000 140
387.0000 146
388.0000 133
389.0000 150
390.0000 129
391.0000 114
392.0000 101
393.0000 111
394.0000 110
395.0000 119
396.0000 117
397.0000 150
398.0000 147
399.0000 111
400.0000 142
401.0000 139
402.0000 121
403.0000 134
404.0000 136
405.0000 145
406.0000 153
407.0000 134
408.0000 160
409.0000 118
410.0000 146
411.0000 142
412.0000 144
413.0000 136
414.0000 146
415.0000 156
416.0000 126
417.0000 116
418.0000 144
419.0000 130
420.0000 138
421.0000 123
422.0000 102
423.0000 110
424.0000 92
425.0000 117
426.0000 97
427.0000 124
428.0000 158
429.0000 154
430.0000 164
431.0000 144
432.0000 112
433.0000 157
434.0000 127
435.0000 123
436.0000 156
437.0000 115
438.0000 126
439.0000 112
440.0000 138
441.0000 135
442.0000 161
443.0000 144
444.0000 127
445.0000 134
446.0000 154
447.0000 122
448.0000 116
449.0000 148
450.0000 145
451.0000 125
452.0000 119
453.0000 141
454.0000 126
455.0000 102
456.0000 104
457.0000 115
458.0000 91
459.0000 114
460.0000 100
461.0000 93
462.0000 118
463.0000 130
464.0000 125
465.0000 125
466.0000 159
467.0000 129
468.0000 143
469.0000 134
470.0000 148
471.0000 139
472.0000 127
473.0000 107
474.0000 145
475.0000 139
476.0000 146
477.0000 158
478.0000 160
479.0000 134
480.0000 128
481.0000 137
482.0000 134
483.0000 139
484.0000 138
485.0000 109
486.0000 118
487.0000 148
488.0000 156
489.0000 137
490.0000 158
491.0000 139
492.0000 136
493.0000 161
494.0000 145
495.0000 136
496.0000 107
497.0000 136
498.0000 149
499.0000 139
500.0000 123
501.0000 128
502.0000 135
503.0000 130
504.0000 126
505.0000 129
506.0000 138
507.0000 128
508.0000 135
509.0000 137
510.0000 147
511.0000 153
