0.0000 76
1.0000 152
2.0000 142
3.0000 142
4.0000 154
5.0000 135
6.0000 130
7.0000 161
8.0000 137
9.0000 141
10.0000 144
11.0000 147
12.0000 137
13.0000 129
14.0000 158
15.0000 143
16.0000 148
17.0000 153
18.0000 126
19.0000 158
20.0000 142
21.0000 138
22.0000 134
23.0000 138
24.0000 141
25.0000 149
26.0000 134
27.0000 164
28.0000 124
29.0000 177
30.0000 154
31.0000 153
32.0000 115
33.0000 157
34.0000 165
35.0000 147
36.0000 153
37.0000 152
38.0000 153
39.0000 125
40.0000 153
41.0000 138
42.0000 126
43.0000 132
44.0000 140
45.0000 138
46.0000 148
47.0000 116
48.0000 120
49.0000 121
50.0000 98
51.0000 108
52.0000 107
53.0000 93
54.0000 112
55.0000 112
56.0000 106
57.0000 112
58.0000 141
59.0000 126
60.0000 108
61.0000 134
62.0000 111
63.0000 122
64.0000 111
65.0000 137
66.0000 148
67.0000 164
68.0000 169
69.0000 120
70.0000 138
71.0000 128
72.0000 142
73.0000 137
74.0000 154
75.0000 151
76.0000 123
77.0000 134
78.0000 121
79.0000 133
80.0000 139
81.0000 129
82.0000 127
83.0000 131
84.0000 117
85.0000 118
86.0000 122
87.0000 122
88.0000 101
89.0000 102
90.0000 98
91.0000 104
92.0000 109
93.0000 124
94.0000 134
95.0000 112
96.0000 168
97.0000 145
98.0000 124
99.0000 147
100.0000 126
101.0000 143
102.0000 130
103.0000 155
104.0000 156
105.0000 153
106.0000 132
107.0000 137
108.0000 133
109.0000 122
110.0000 171
111.0000 154
112.0000 140
113.0000 129
114.0000 139
115.0000 132
116.0000 126
117.0000 138
118.0000 131
119.0000 116
120.0000 128
121.0000 110
122.0000 144
123.0000 128
124.0000 112
125.0000 120
126.0000 136
127.0000 135
128.0000 133
129.0000 144
130.0000 139
131.0000 138
132.0000 150
133.0000 153
134.0000 142
135.0000 125
136.0000 154
137.0000 118
138.0000 134
139.0000 124
140.0000 111
141.0000 130
142.0000 89
143.0000 133
144.0000 109
145.0000 143
146.0000 134
147.0000 144
148.0000 125
149.0000 134
150.0000 121
151.0000 126
152.0000 133
153.0000 160
154.0000 169
155.0000 119
156.0000 126
157.0000 153
158.0000 151
159.0000 151
160.0000 167
161.0000 142
162.0000 141
163.0000 136
164.0000 131
165.0000 146
166.0000 133
167.0000 133
168.0000 120
169.0000 115
170.0000 86
171.0000 99
172.0000 97
173.0000 105
174.0000 104
175.0000 126
176.0000 146
177.0000 130
178.0000 150
179.0000 140
180.0000 140
181.0000 123
182.0000 129
183.0000 136
184.0000 146
185.0000 116
186.0000 143
187.0000 164
188.0000 154
189.0000 140
190.0000 120
191.0000 144
192.0000 140
193.0000 147
194.0000 131
195.0000 120
196.0000 133
197.0000 118
198.0000 140
199.0000 141
200.0000 154
201.0000 116
202.0000 133
203.0000 129
204.0000 151
205.0000 140
206.0000 108
207.0000 109
208.0000 114
209.0000 115
210.0000 83
211.0000 84
212.0000 94
213.0000 105
214.0000 105
215.0000 128
216.0000 122
217.0000 126
218.0000 128
219.0000 125
220.0000 112
221.0000 138
222.0000 126
223.0000 134
224.0000 153
225.0000 141
226.0000 132
227.0000 155
228.0000 138
229.0000 146
230.0000 141
231.0000 124
232.0000 141
233.0000 147
234.0000 134
235.0000 142
236.0000 130
237.0000 124
238.0000 149
239.0000 136
240.0000 129
241.0000 156
242.0000 141
243.0000 153
244.0000 130
245.0000 133
246.0000 112
247.0000 127
248.0000 158
249.0000 139
250.0000 155
251.0000 154
252.0000 141
253.0000 150
254.0000 137
255.0000 153
256.0000 140
257.0000 135
258.0000 129
259.0000 135
260.0000 156
261.0000 162
262.0000 130
263.0000 142
264.0000 120
265.0000 137
266.0000 144
267.0000 116
268.0000 126
269.0000 134
270.0000 135
271.0000 138
272.0000 132
273.0000 118
274.0000 130
275.0000 157
276.0000 130
277.0000 142
278.0000 132
279.0000 112
280.0000 132
281.0000 149
282.0000 127
283.0000 148
284.0000 125
285.0000 126
286.0000 128
287.0000 155
288.0000 150
289.0000 143
290.0000 134
291.0000 136
292.0000 126
293.0000 128
294.0000 135
295.0000 134
296.0000 101
297.0000 103
298.0000 99
299.0000 115
300.0000 103
301.0000 105
302.0000 108
303.0000 113
304.0000 115
305.0000 105
306.0000 126
307.0000 117
308.0000 136
309.0000 137
310.0000 121
311.0000 151
312.0000 133
313.0000 131
314.0000 129
315.0000 140
316.0000 132
317.0000 157
318.0000 129
319.0000 148
320.0000 137
321.0000 133
322.0000 117
323.0000 142
324.0000 132
325.0000 140
326.0000 131
327.0000 134
328.0000 138
329.0000 161
330.0000 126
331.0000 131
332.0000 122
333.0000 133
334.0000 129
335.0000 127
336.0000 128
337.0000 131
338.0000 109
339.0000 115
340.0000 108
341.0000 105
342.0000 111
343.0000 105
344.0000 120
345.0000 129
346.0000 125
347.0000 138
348.0000 133
349.0000 150
350.0000 154
351.0000 153
352.0000 150
353.0000 138
354.0000 148
355.0000 135
356.0000 132
357.0000 128
358.0000 153
359.0000 144
360.0000 145
361.0000 137
362.0000 136
363.0000 141
364.0000 144
365.0000 163
366.0000 140
367.0000 114
368.0000 131
369.0000 128
370.0000 117
371.0000 128
372.0000 125
373.0000 136
374.0000 123
375.0000 134
376.0000 122
377.0000 122
378.0000 145
379.0000 130
380.0000 130
381.0000 136
382.0000 111
383.0000 134
384.0000 125
385.0000 133
386.0000 154
387.0000 130
388.0000 140
389.0000 127
390.0000 128
391.0000 108
392.0000 94
393.0000 103
394.0000 117
395.0000 141
396.0000 127
397.0000 132
398.0000 129
399.0000 133
400.0000 143
401.0000 169
402.0000 155
403.0000 128
404.0000 139
405.0000 135
406.0000 138
407.0000 130
408.0000 131
409.0000 132
410.0000 153
411.0000 144
412.0000 151
413.0000 140
414.0000 148
415.0000 146
416.0000 123
417.0000 117
418.0000 131
419.0000 108
420.0000 109
421.0000 92
422.0000 106
423.0000 106
424.0000 101
425.0000 108
426.0000 116
427.0000 142
428.0000 127
429.0000 136
430.0000 140
431.0000 138
432.0000 122
433.0000 150
434.0000 129
435.0000 120
436.0000 161
437.0000 132
438.0000 134
439.0000 154
440.0000 127
441.0000 143
442.0000 152
443.0000 158
444.0000 146
445.0000 143
446.0000 123
447.0000 124
448.0000 166
449.0000 142
450.0000 124
451.0000 153
452.0000 115
453.0000 153
454.0000 130
455.0000 132
456.0000 123
457.0000 116
458.0000 101
459.0000 116
460.0000 115
461.0000 107
462.0000 109
463.0000 121
464.0000 109
465.0000 127
466.0000 130
467.0000 117
468.0000 129
469.0000 132
470.0000 125
471.0000 149
472.0000 132
473.0000 154
474.0000 145
475.0000 129
476.0000 123
477.0000 113
478.0000 149
479.0000 145
480.0000 136
481.0000 150
482.0000 140
483.0000 125
484.0000 156
485.0000 138
486.0000 133
487.0000 144
488.0000 154
489.0000 148
490.0000 158
491.0000 133
492.0000 143
493.0000 121
494.0000 141
495.0000 133
496.0000 140
497.0000 162
498.0000 142
499.0000 145
500.0000 166
501.0000 148
502.0000 136
503.0000 135
504.0000 131
505.0000 128
506.0000 142
507.0000 134
508.0000 135
509.0000 155
510.0000 134
511.0000 133
