0.0000 42
1.0000 100
2.0000 91
3.0000 94
4.0000 74
5.0000 97
6.0000 89
7.0000 86
8.0000 88
9.0000 97
10.0000 112
11.0000 80
12.0000 94
13.0000 96
14.0000 85
15.0000 91
16.0000 67
17.0000 87
18.0000 86
19.0000 88
20.0000 85
21.0000 101
22.0000 93
23.0000 96
24.0000 94
25.0000 82
26.0000 97
27.0000 106
28.0000 98
29.0000 92
30.0000 93
31.0000 87
32.0000 97
33.0000 82
34.0000 97
35.0000 99
36.0000 75
37.0000 85
38.0000 95
39.0000 79
40.0000 77
41.0000 75
42.0000 95
43.0000 87
44.0000 107
45.0000 88
46.0000 113
47.0000 104
48.0000 98
49.0000 91
50.0000 96
51.0000 103
52.0000 81
53.0000 101
54.0000 73
55.0000 90
56.0000 89
57.0000 87
58.0000 103
59.0000 106
60.0000 108
61.0000 99
62.0000 88
63.0000 74
64.0000 90
65.0000 102
66.0000 86
67.0000 102
68.0000 106
69.0000 96
70.0000 97
71.0000 90
72.0000 103
73.0000 86
74.0000 99
75.0000 100
76.0000 94
77.0000 86
78.0000 82
79.0000 137
80.0000 101
81.0000 103
82.0000 95
83.0000 84
84.0000 91
85.0000 108
86.0000 110
87.0000 90
88.0000 88
89.0000 124
90.0000 96
91.0000 80
92.0000 103
93.0000 86
94.0000 73
95.0000 93
96.0000 97
97.0000 85
98.0000 84
99.0000 73
100.0000 70
101.0000 100
102.0000 95
103.0000 91
104.0000 97
105.0000 88
106.0000 81
107.0000 84
108.0000 75
109.0000 89
110.0000 79
111.0000 79
112.0000 82
113.0000 84
114.0000 82
115.0000 70
116.0000 68
117.0000 67
118.0000 81
119.0000 80
120.0000 96
121.0000 81
122.0000 97
123.0000 71
124.0000 92
125.0000 93
126.0000 73
127.0000 116
128.0000 75
129.0000 86
130.0000 81
131.0000 111
132.0000 88
133.0000 102
134.0000 90
135.0000 98
136.0000 102
137.0000 99
138.0000 95
139.0000 98
140.0000 116
141.0000 101
142.0000 84
143.0000 94
144.0000 93
145.0000 111
146.0000 95
147.0000 105
148.0000 97
149.0000 103
150.0000 106
151.0000 108
152.0000 94
153.0000 93
154.0000 85
155.0000 82
156.0000 122
157.0000 116
158.0000 95
159.0000 87
160.0000 84
161.0000 89
162.0000 92
163.0000 108
164.0000 98
165.0000 85
166.0000 86
167.0000 102
168.0000 103
169.0000 94
170.0000 73
171.0000 92
172.0000 108
173.0000 89
174.0000 74
175.0000 59
176.0000 75
177.0000 91
178.0000 84
179.0000 98
180.0000 87
181.0000 69
182.0000 82
183.0000 74
184.0000 93
185.0000 61
186.0000 104
187.0000 87
188.0000 99
189.0000 108
190.0000 73
191.0000 99
192.0000 105
193.0000 87
194.0000 82
195.0000 92
196.0000 84
197.0000 93
198.0000 74
199.0000 82
200.0000 93
201.0000 91
202.0000 80
203.0000 91
204.0000 100
205.0000 96
206.0000 111
207.0000 83
208.0000 99
209.0000 80
210.0000 73
211.0000 84
212.0000 88
213.0000 91
214.0000 111
215.0000 112
216.0000 98
217.0000 103
218.0000 89
219.0000 97
220.0000 86
221.0000 95
222.0000 90
223.0000 90
224.0000 105
225.0000 101
226.0000 88
227.0000 88
228.0000 97
229.0000 82
230.0000 96
231.0000 101
232.0000 84
233.0000 92
234.0000 109
235.0000 103
236.0000 105
237.0000 115
238.0000 111
239.0000 101
240.0000 93
241.0000 94
242.0000 108
243.0000 88
244.0000 91
245.0000 82
246.0000 87
247.0000 79
248.0000 95
249.0000 85
250.0000 96
251.0000 83
252.0000 101
253.0000 110
254.0000 88
255.0000 86
256.0000 102
257.0000 94
258.0000 114
259.0000 90
260.0000 93
261.0000 94
262.0000 86
263.0000 90
264.0000 79
265.0000 84
266.0000 92
267.0000 94
268.0000 105
269.0000 96
270.0000 83
271.0000 91
272.0000 79
273.0000 105
274.0000 97
275.0000 97
276.0000 79
277.0000 100
278.0000 93
279.0000 102
280.0000 90
281.0000 91
282.0000 84
283.0000 96
284.0000 91
285.0000 111
286.0000 95
287.0000 93
288.0000 82
289.0000 112
290.0000 92
291.0000 74
292.0000 84
293.0000 88
294.0000 99
295.0000 97
296.0000 86
297.0000 95
298.0000 95
299.0000 95
300.0000 106
301.0000 95
302.0000 90
303.0000 92
304.0000 95
305.0000 112
306.0000 90
307.0000 99
308.0000 80
309.0000 98
310.0000 103
311.0000 81
312.0000 84
313.0000 92
314.0000 67
315.0000 80
316.0000 80
317.0000 83
318.0000 82
319.0000 89
320.0000 83
321.0000 102
322.0000 65
323.0000 85
324.0000 95
325.0000 85
326.0000 95
327.0000 80
328.0000 65
329.0000 66
330.0000 72
331.0000 88
332.0000 79
333.0000 72
334.0000 73
335.0000 74
336.0000 72
337.0000 87
338.0000 87
339.0000 87
340.0000 86
341.0000 91
342.0000 86
343.0000 95
344.0000 87
345.0000 92
346.0000 72
347.0000 113
348.0000 80
349.0000 89
350.0000 93
351.0000 89
352.0000 96
353.0000 85
354.0000 87
355.0000 91
356.0000 90
357.0000 86
358.0000 86
359.0000 96
360.0000 78
361.0000 105
362.0000 85
363.0000 96
364.0000 92
365.0000 85
366.0000 90
367.0000 77
368.0000 102
369.0000 102
370.0000 102
371.0000 109
372.0000 103
373.0000 109
374.0000 100
375.0000 101
376.0000 90
377.0000 84
378.0000 98
379.0000 109
380.0000 92
381.0000 81
382.0000 90
383.0000 83
384.0000 86
385.0000 85
386.0000 94
387.0000 98
388.0000 88
389.0000 92
390.0000 92
391.0000 99
392.0000 82
393.0000 91
394.0000 92
395.0000 80
396.0000 80
397.0000 64
398.0000 75
399.0000 80
400.0000 69
401.0000 78
402.0000 97
403.0000 82
404.0000 79
405.0000 90
406.0000 68
407.0000 71
408.0000 97
409.0000 101
410.0000 80
411.0000 76
412.0000 90
413.0000 78
414.0000 104
415.0000 89
416.0000 98
417.0000 109
418.0000 94
419.0000 100
420.0000 87
421.0000 90
422.0000 93
423.0000 88
424.0000 93
425.0000 86
426.0000 97
427.0000 78
428.0000 82
429.0000 104
430.0000 89
431.0000 117
432.0000 87
433.0000 94
434.0000 91
435.0000 90
436.0000 90
437.0000 106
438.0000 89
439.0000 85
440.0000 104
441.0000 87
442.0000 107
443.0000 90
444.0000 88
445.0000 94
446.0000 99
447.0000 110
448.0000 81
449.0000 102
450.0000 112
451.0000 94
452.0000 103
453.0000 93
454.0000 106
455.0000 105
456.0000 107
457.0000 102
458.0000 119
459.0000 108
460.0000 91
461.0000 89
462.0000 94
463.0000 100
464.0000 105
465.0000 103
466.0000 91
467.0000 93
468.0000 78
469.0000 101
470.0000 93
471.0000 88
472.0000 104
473.0000 86
474.0000 108
475.0000 102
476.0000 82
477.0000 110
478.0000 117
479.0000 96
480.0000 106
481.0000 98
482.0000 75
483.0000 99
484.0000 112
485.0000 82
486.0000 101
487.0000 102
488.0000 104
489.0000 91
490.0000 87
491.0000 78
492.0000 94
493.0000 111
494.0000 90
495.0000 107
496.0000 95
497.0000 112
498.0000 109
499.0000 98
500.0000 89
501.0000 111
502.0000 98
503.0000 99
504.0000 95
505.0000 112
506.0000 103
507.0000 91
508.0000 101
509.0000 101
510.0000 84
511.0000 89
