0.0000 4732
1.0000 10684
2.0000 10468
3.0000 10362
4.0000 10637
5.0000 10183
6.0000 10891
7.0000 9919
8.0000 11054
9.0000 9721
10.0000 11202
11.0000 9506
12.0000 11339
13.0000 9313
14.0000 11366
15.0000 9194
16.0000 11388
17.0000 9136
18.0000 11339
19.0000 9150
20.0000 11203
21.0000 9131
22.0000 11026
23.0000 9248
24.0000 10814
25.0000 9352
26.0000 10458
27.0000 9610
28.0000 9969
29.0000 9916
30.0000 9431
31.0000 10391
32.0000 8892
33.0000 10780
34.0000 8398
35.0000 11005
36.0000 8100
37.0000 11143
38.0000 7892
39.0000 10847
40.0000 8173
41.0000 10044
42.0000 8841
43.0000 8681
44.0000 10028
45.0000 7790
46.0000 10602
47.0000 7511
48.0000 10216
49.0000 7940
50.0000 8468
51.0000 9525
52.0000 7243
53.0000 10214
54.0000 7197
55.0000 8674
56.0000 8721
57.0000 6968
58.0000 9768
59.0000 6981
60.0000 7756
61.0000 8960
62.0000 6495
63.0000 8799
64.0000 7546
65.0000 6439
66.0000 9069
67.0000 6629
68.0000 6424
69.0000 8810
70.0000 6260
71.0000 6245
72.0000 8502
73.0000 6028
74.0000 5900
75.0000 8206
76.0000 6057
77.0000 5444
78.0000 7397
79.0000 6469
80.0000 5116
81.0000 5832
82.0000 7386
83.0000 5194
84.0000 4834
85.0000 6140
86.0000 6446
87.0000 4674
88.0000 4523
89.0000 5645
90.0000 6134
91.0000 4438
92.0000 4030
93.0000 4575
94.0000 5944
95.0000 4680
96.0000 3713
97.0000 3696
98.0000 4103
99.0000 5220
100.0000 4381
101.0000 3439
102.0000 3140
103.0000 3274
104.0000 3552
105.0000 4291
106.0000 3859
107.0000 3114
108.0000 2635
109.0000 2535
110.0000 2538
111.0000 2611
112.0000 2670
113.0000 3011
114.0000 2964
115.0000 2553
116.0000 2133
117.0000 1727
118.0000 1624
119.0000 1394
120.0000 1398
121.0000 1221
122.0000 1096
123.0000 1023
124.0000 788
125.0000 710
126.0000 596
127.0000 419
128.0000 214
129.0000 97
130.0000 188
131.0000 481
132.0000 629
133.0000 928
134.0000 1045
135.0000 1181
136.0000 1405
137.0000 1604
138.0000 1794
139.0000 2211
140.0000 2650
141.0000 2270
142.0000 1542
143.0000 1184
144.0000 1530
145.0000 1843
146.0000 2352
147.0000 3282
148.0000 3451
149.0000 3877
150.0000 4690
151.0000 2892
152.0000 2135
153.0000 2773
154.0000 3761
155.0000 4497
156.0000 5433
157.0000 4761
158.0000 2782
159.0000 3519
160.0000 4743
161.0000 5564
162.0000 6137
163.0000 3575
164.0000 4056
165.0000 5403
166.0000 6717
167.0000 5505
168.0000 3996
169.0000 5404
170.0000 6855
171.0000 6396
172.0000 4444
173.0000 5843
174.0000 7539
175.0000 5988
176.0000 5156
177.0000 6623
178.0000 7952
179.0000 5193
180.0000 6375
181.0000 8170
182.0000 6102
183.0000 6164
184.0000 8128
185.0000 6957
186.0000 6156
187.0000 8295
188.0000 7208
189.0000 6551
190.0000 8584
191.0000 7047
192.0000 7071
193.0000 8921
194.0000 6835
195.0000 7676
196.0000 9058
197.0000 6824
198.0000 8711
199.0000 8011
200.0000 7635
201.0000 9508
202.0000 7289
203.0000 8800
204.0000 8480
205.0000 7972
206.0000 9807
207.0000 7559
208.0000 9646
209.0000 8212
210.0000 8765
211.0000 9449
212.0000 8262
213.0000 10223
214.0000 8009
215.0000 10215
216.0000 8414
217.0000 9762
218.0000 9059
219.0000 9258
220.0000 9809
221.0000 8906
222.0000 10419
223.0000 8768
224.0000 10683
225.0000 8626
226.0000 10923
227.0000 8642
228.0000 11004
229.0000 8769
230.0000 10909
231.0000 9025
232.0000 10843
233.0000 9165
234.0000 10864
235.0000 9315
236.0000 10855
237.0000 9436
238.0000 10831
239.0000 9562
240.0000 10859
241.0000 9605
242.0000 10926
243.0000 9600
244.0000 11023
245.0000 9603
246.0000 11109
247.0000 9543
248.0000 11208
249.0000 9510
250.0000 11319
251.0000 9420
252.0000 11410
253.0000 9351
254.0000 11484
255.0000 9296
256.0000 11520
257.0000 9275
258.0000 11481
259.0000 9280
260.0000 11476
261.0000 9298
262.0000 11411
263.0000 9303
264.0000 11406
265.0000 9329
266.0000 11269
267.0000 9377
268.0000 11201
269.0000 9354
270.0000 11161
271.0000 9337
272.0000 11129
273.0000 9324
274.0000 11064
275.0000 9269
276.0000 11039
277.0000 9184
278.0000 11035
279.0000 9093
280.0000 11018
281.0000 8932
282.0000 11016
283.0000 8849
284.0000 10960
285.0000 8778
286.0000 10818
287.0000 8763
288.0000 10581
289.0000 8874
290.0000 10165
291.0000 9005
292.0000 9540
293.0000 9497
294.0000 8969
295.0000 9918
296.0000 8548
297.0000 10250
298.0000 8206
299.0000 10051
300.0000 8288
301.0000 9292
302.0000 8640
303.0000 8427
304.0000 9497
305.0000 7905
306.0000 9703
307.0000 7752
308.0000 8550
309.0000 8529
310.0000 7811
311.0000 9305
312.0000 7443
313.0000 8183
314.0000 8175
315.0000 7350
316.0000 8946
317.0000 7018
318.0000 7392
319.0000 8555
320.0000 6834
321.0000 7548
322.0000 7645
323.0000 6713
324.0000 7755
325.0000 6985
326.0000 6540
327.0000 7589
328.0000 6687
329.0000 6327
330.0000 7045
331.0000 6777
332.0000 6100
333.0000 6246
334.0000 7160
335.0000 5602
336.0000 5802
337.0000 6870
338.0000 5611
339.0000 5583
340.0000 5498
341.0000 6517
342.0000 5013
343.0000 5143
344.0000 5142
345.0000 6157
346.0000 4689
347.0000 4842
348.0000 4499
349.0000 5568
350.0000 4989
351.0000 4136
352.0000 4255
353.0000 4285
354.0000 5135
355.0000 4623
356.0000 3678
357.0000 3785
358.0000 3549
359.0000 3876
360.0000 4703
361.0000 4160
362.0000 3215
363.0000 2992
364.0000 3062
365.0000 2745
366.0000 2938
367.0000 3318
368.0000 3580
369.0000 3128
370.0000 2475
371.0000 2136
372.0000 1896
373.0000 1855
374.0000 1767
375.0000 1552
376.0000 1348
377.0000 1232
378.0000 1132
379.0000 1012
380.0000 902
381.0000 764
382.0000 603
383.0000 455
384.0000 293
385.0000 144
386.0000 188
387.0000 396
388.0000 724
389.0000 883
390.0000 1059
391.0000 1293
392.0000 1511
393.0000 1716
394.0000 2011
395.0000 1957
396.0000 2030
397.0000 2399
398.0000 2603
399.0000 2112
400.0000 1897
401.0000 1827
402.0000 2178
403.0000 3313
404.0000 3267
405.0000 3332
406.0000 3722
407.0000 4309
408.0000 3356
409.0000 2910
410.0000 3746
411.0000 4202
412.0000 4218
413.0000 5031
414.0000 4649
415.0000 3753
416.0000 4694
417.0000 4704
418.0000 5379
419.0000 5726
420.0000 4423
421.0000 5164
422.0000 5370
423.0000 6505
424.0000 5366
425.0000 5385
426.0000 5674
427.0000 6830
428.0000 5991
429.0000 5646
430.0000 6050
431.0000 7528
432.0000 6014
433.0000 5961
434.0000 6934
435.0000 7517
436.0000 6016
437.0000 6641
438.0000 8270
439.0000 6258
440.0000 6720
441.0000 8549
442.0000 6503
443.0000 6873
444.0000 8830
445.0000 6577
446.0000 7092
447.0000 9145
448.0000 6561
449.0000 7653
450.0000 9096
451.0000 6691
452.0000 8821
453.0000 7944
454.0000 7291
455.0000 9843
456.0000 7000
457.0000 8505
458.0000 8997
459.0000 7421
460.0000 10254
461.0000 7295
462.0000 9261
463.0000 8644
464.0000 8091
465.0000 10388
466.0000 7466
467.0000 10564
468.0000 7814
469.0000 9691
470.0000 8929
471.0000 8754
472.0000 10290
473.0000 8168
474.0000 11028
475.0000 7890
476.0000 11132
477.0000 8128
478.0000 10927
479.0000 8539
480.0000 10449
481.0000 9162
482.0000 9938
483.0000 9861
484.0000 9532
485.0000 10362
486.0000 9325
487.0000 10758
488.0000 9202
489.0000 11061
490.0000 9012
491.0000 11230
492.0000 9044
493.0000 11369
494.0000 9056
495.0000 11438
496.0000 9038
497.0000 11515
498.0000 9091
499.0000 11500
500.0000 9191
501.0000 11475
502.0000 9290
503.0000 11424
504.0000 9439
505.0000 11320
506.0000 9581
507.0000 11215
508.0000 9724
509.0000 11087
510.0000 9932
511.0000 10894
