0.0000 2948
1.0000 11192
2.0000 9512
3.0000 11375
4.0000 9384
5.0000 11515
6.0000 9273
7.0000 11569
8.0000 9192
9.0000 11605
10.0000 9090
11.0000 11603
12.0000 9004
13.0000 11595
14.0000 8978
15.0000 11487
16.0000 9013
17.0000 11337
18.0000 9050
19.0000 11212
20.0000 9050
21.0000 11093
22.0000 9029
23.0000 11003
24.0000 8965
25.0000 10975
26.0000 8825
27.0000 10986
28.0000 8635
29.0000 11027
30.0000 8421
31.0000 11036
32.0000 8255
33.0000 10870
34.0000 8219
35.0000 10613
36.0000 8259
37.0000 10316
38.0000 8399
39.0000 9939
40.0000 8969
41.0000 9162
42.0000 9615
43.0000 8399
44.0000 10031
45.0000 7572
46.0000 9976
47.0000 7526
48.0000 9446
49.0000 8394
50.0000 8428
51.0000 9392
52.0000 7220
53.0000 9417
54.0000 7095
55.0000 8679
56.0000 8620
57.0000 7134
58.0000 9045
59.0000 6644
60.0000 8223
61.0000 8432
62.0000 6439
63.0000 8395
64.0000 7127
65.0000 6936
66.0000 8272
67.0000 6034
68.0000 7300
69.0000 8018
70.0000 5443
71.0000 7173
72.0000 7709
73.0000 5170
74.0000 6847
75.0000 7365
76.0000 5134
77.0000 6262
78.0000 6930
79.0000 5600
80.0000 5142
81.0000 6312
82.0000 6433
83.0000 4229
84.0000 5728
85.0000 6088
86.0000 5242
87.0000 4071
88.0000 5348
89.0000 5621
90.0000 4875
91.0000 3551
92.0000 4758
93.0000 4855
94.0000 5132
95.0000 3462
96.0000 3475
97.0000 4274
98.0000 4256
99.0000 4430
100.0000 3124
101.0000 2670
102.0000 3445
103.0000 3655
104.0000 3580
105.0000 3530
106.0000 2649
107.0000 2059
108.0000 2374
109.0000 2604
110.0000 2753
111.0000 2428
112.0000 2672
113.0000 2365
114.0000 1967
115.0000 1501
116.0000 1290
117.0000 1216
118.0000 1351
119.0000 1309
120.0000 1206
121.0000 1174
122.0000 1113
123.0000 904
124.0000 796
125.0000 590
126.0000 460
127.0000 321
128.0000 215
129.0000 88
130.0000 163
131.0000 341
132.0000 447
133.0000 467
134.0000 538
135.0000 673
136.0000 818
137.0000 936
138.0000 1190
139.0000 1494
140.0000 1887
141.0000 2040
142.0000 1549
143.0000 1468
144.0000 1577
145.0000 1779
146.0000 2211
147.0000 2509
148.0000 1974
149.0000 2456
150.0000 3408
151.0000 3149
152.0000 2566
153.0000 2764
154.0000 3382
155.0000 2683
156.0000 3474
157.0000 4547
158.0000 3324
159.0000 3562
160.0000 3761
161.0000 3501
162.0000 5183
163.0000 4106
164.0000 4233
165.0000 4013
166.0000 4468
167.0000 5624
168.0000 4586
169.0000 4682
170.0000 4514
171.0000 6212
172.0000 5075
173.0000 4901
174.0000 5375
175.0000 6420
176.0000 5677
177.0000 4776
178.0000 6998
179.0000 5983
180.0000 5433
181.0000 6637
182.0000 6736
183.0000 5923
184.0000 6357
185.0000 7369
186.0000 6247
187.0000 6635
188.0000 7667
189.0000 6333
190.0000 7431
191.0000 7653
192.0000 6187
193.0000 8338
194.0000 7749
195.0000 6211
196.0000 8899
197.0000 7237
198.0000 7889
199.0000 8541
200.0000 6557
201.0000 9404
202.0000 7639
203.0000 8296
204.0000 8953
205.0000 6900
206.0000 9850
207.0000 7430
208.0000 9536
209.0000 8630
210.0000 8289
211.0000 9698
212.0000 7376
213.0000 10430
214.0000 7502
215.0000 10487
216.0000 8083
217.0000 10078
218.0000 8859
219.0000 9522
220.0000 9660
221.0000 8818
222.0000 10370
223.0000 8270
224.0000 10900
225.0000 8131
226.0000 11203
227.0000 8061
228.0000 11400
229.0000 8105
230.0000 11529
231.0000 8178
232.0000 11622
233.0000 8248
234.0000 11719
235.0000 8308
236.0000 11808
237.0000 8367
238.0000 11880
239.0000 8394
240.0000 11982
241.0000 8436
242.0000 11999
243.0000 8543
244.0000 12010
245.0000 8675
246.0000 11916
247.0000 8794
248.0000 11811
249.0000 9077
250.0000 11457
251.0000 9497
252.0000 11022
253.0000 9938
254.0000 10559
255.0000 10351
256.0000 10167
257.0000 10778
258.0000 9763
259.0000 11130
260.0000 9416
261.0000 11419
262.0000 9142
263.0000 11688
264.0000 8881
265.0000 11880
266.0000 8689
267.0000 11969
268.0000 8585
269.0000 12037
270.0000 8478
271.0000 12118
272.0000 8349
273.0000 12050
274.0000 8316
275.0000 11959
276.0000 8294
277.0000 11869
278.0000 8241
279.0000 11795
280.0000 8155
281.0000 11733
282.0000 8066
283.0000 11674
284.0000 7948
285.0000 11602
286.0000 7846
287.0000 11435
288.0000 7904
289.0000 11248
290.0000 8009
291.0000 10864
292.0000 8322
293.0000 10353
294.0000 8738
295.0000 9527
296.0000 9567
297.0000 8344
298.0000 10358
299.0000 7317
300.0000 10678
301.0000 7042
302.0000 10396
303.0000 7690
304.0000 9373
305.0000 8946
306.0000 7465
307.0000 10034
308.0000 6465
309.0000 9889
310.0000 7508
311.0000 8140
312.0000 9299
313.0000 6038
314.0000 9595
315.0000 7056
316.0000 7607
317.0000 9037
318.0000 5690
319.0000 8827
320.0000 7641
321.0000 5854
322.0000 8773
323.0000 6579
324.0000 6379
325.0000 8362
326.0000 5899
327.0000 6549
328.0000 7936
329.0000 5612
330.0000 6158
331.0000 7693
332.0000 5694
333.0000 5258
334.0000 7472
335.0000 6216
336.0000 4210
337.0000 6762
338.0000 6544
339.0000 4435
340.0000 4854
341.0000 6606
342.0000 5858
343.0000 3563
344.0000 4860
345.0000 6068
346.0000 5389
347.0000 3383
348.0000 3911
349.0000 5537
350.0000 5012
351.0000 4148
352.0000 2729
353.0000 3969
354.0000 4851
355.0000 4301
356.0000 3866
357.0000 2324
358.0000 2698
359.0000 3837
360.0000 4021
361.0000 3454
362.0000 3292
363.0000 2023
364.0000 1860
365.0000 2176
366.0000 2839
367.0000 2934
368.0000 2695
369.0000 2375
370.0000 2247
371.0000 1875
372.0000 1211
373.0000 981
374.0000 1061
375.0000 1003
376.0000 1101
377.0000 1103
378.0000 1220
379.0000 1034
380.0000 904
381.0000 723
382.0000 516
383.0000 410
384.0000 225
385.0000 87
386.0000 136
387.0000 297
388.0000 459
389.0000 609
390.0000 651
391.0000 843
392.0000 1042
393.0000 1237
394.0000 1340
395.0000 1573
396.0000 1671
397.0000 1762
398.0000 1737
399.0000 1503
400.0000 1658
401.0000 1749
402.0000 1816
403.0000 2181
404.0000 2444
405.0000 3020
406.0000 3179
407.0000 3101
408.0000 2602
409.0000 2740
410.0000 2748
411.0000 3199
412.0000 3997
413.0000 4086
414.0000 3477
415.0000 3415
416.0000 3385
417.0000 4264
418.0000 4823
419.0000 4243
420.0000 3981
421.0000 3883
422.0000 5208
423.0000 5263
424.0000 4584
425.0000 4196
426.0000 5403
427.0000 5844
428.0000 5041
429.0000 4545
430.0000 6102
431.0000 6053
432.0000 5260
433.0000 5437
434.0000 6753
435.0000 5970
436.0000 5145
437.0000 6992
438.0000 6701
439.0000 5508
440.0000 7083
441.0000 7026
442.0000 5869
443.0000 7360
444.0000 7381
445.0000 5953
446.0000 7813
447.0000 7603
448.0000 6314
449.0000 8292
450.0000 7291
451.0000 7116
452.0000 8430
453.0000 6892
454.0000 8330
455.0000 8301
456.0000 7182
457.0000 8881
458.0000 7353
459.0000 8737
460.0000 8554
461.0000 7742
462.0000 9352
463.0000 7398
464.0000 9551
465.0000 8193
466.0000 8892
467.0000 9201
468.0000 8266
469.0000 9912
470.0000 7913
471.0000 10028
472.0000 8051
473.0000 10170
474.0000 8492
475.0000 9952
476.0000 9131
477.0000 9426
478.0000 9771
479.0000 9153
480.0000 10162
481.0000 8996
482.0000 10463
483.0000 8840
484.0000 10747
485.0000 8804
486.0000 10921
487.0000 8797
488.0000 11046
489.0000 8823
490.0000 11168
491.0000 8867
492.0000 11243
493.0000 8971
494.0000 11255
495.0000 9043
496.0000 11272
497.0000 9164
498.0000 11225
499.0000 9316
500.0000 11109
501.0000 9508
502.0000 11010
503.0000 9677
504.0000 10835
505.0000 9917
506.0000 10638
507.0000 10151
508.0000 10377
509.0000 10459
510.0000 10061
511.0000 10862
