0.0000 10348
1.0000 10348
2.0000 10347
3.0000 10345
4.0000 10341
5.0000 10335
6.0000 10328
7.0000 10319
8.0000 10309
9.0000 10297
10.0000 10284
11.0000 10269
12.0000 10253
13.0000 10235
14.0000 10215
15.0000 10194
16.0000 10172
17.0000 10148
18.0000 10122
19.0000 10095
20.0000 10066
21.0000 10036
22.0000 10005
23.0000 9972
24.0000 9937
25.0000 9901
26.0000 9864
27.0000 9825
28.0000 9784
29.0000 9742
30.0000 9699
31.0000 9654
32.0000 9608
33.0000 9560
34.0000 9511
35.0000 9460
36.0000 9408
37.0000 9355
38.0000 9300
39.0000 9244
40.0000 9186
41.0000 9127
42.0000 9067
43.0000 9005
44.0000 8942
45.0000 8878
46.0000 8812
47.0000 8745
48.0000 8677
49.0000 8608
50.0000 8537
51.0000 8465
52.0000 8391
53.0000 8316
54.0000 8241
55.0000 8163
56.0000 8085
57.0000 8006
58.0000 7925
59.0000 7843
60.0000 7760
61.0000 7676
62.0000 7590
63.0000 7504
64.0000 7416
65.0000 7327
66.0000 7237
67.0000 7146
68.0000 7054
69.0000 6961
70.0000 6867
71.0000 6772
72.0000 6676
73.0000 6579
74.0000 6481
75.0000 6382
76.0000 6282
77.0000 6181
78.0000 6079
79.0000 5976
80.0000 5873
81.0000 5768
82.0000 5663
83.0000 5557
84.0000 5450
85.0000 5342
86.0000 5233
87.0000 5124
88.0000 5013
89.0000 4903
90.0000 4791
91.0000 4679
92.0000 4565
93.0000 4452
94.0000 4337
95.0000 4222
96.0000 4107
97.0000 3990
98.0000 3874
99.0000 3756
100.0000 3638
101.0000 3520
102.0000 3401
103.0000 3281
104.0000 3161
105.0000 3041
106.0000 2920
107.0000 2798
108.0000 2676
109.0000 2554
110.0000 2432
111.0000 2309
112.0000 2186
113.0000 2062
114.0000 1938
115.0000 1814
116.0000 1690
117.0000 1565
118.0000 1440
119.0000 1315
120.0000 1190
121.0000 1064
122.0000 939
123.0000 813
124.0000 687
125.0000 561
126.0000 435
127.0000 309
128.0000 183
129.0000 91
130.0000 216
131.0000 342
132.0000 468
133.0000 594
134.0000 720
135.0000 845
136.0000 971
137.0000 1097
138.0000 1222
139.0000 1347
140.0000 1472
141.0000 1597
142.0000 1722
143.0000 1846
144.0000 1970
145.0000 2094
146.0000 2217
147.0000 2340
148.0000 2463
149.0000 2586
150.0000 2708
151.0000 2829
152.0000 2951
153.0000 3071
154.0000 3192
155.0000 3312
156.0000 3431
157.0000 3550
158.0000 3668
159.0000 3786
160.0000 3904
161.0000 4020
162.0000 4136
163.0000 4252
164.0000 4367
165.0000 4481
166.0000 4595
167.0000 4707
168.0000 4820
169.0000 4931
170.0000 5042
171.0000 5152
172.0000 5261
173.0000 5369
174.0000 5477
175.0000 5584
176.0000 5690
177.0000 5795
178.0000 5899
179.0000 6003
180.0000 6105
181.0000 6207
182.0000 6308
183.0000 6407
184.0000 6506
185.0000 6604
186.0000 6701
187.0000 6797
188.0000 6891
189.0000 6985
190.0000 7078
191.0000 7170
192.0000 7260
193.0000 7350
194.0000 7438
195.0000 7526
196.0000 7612
197.0000 7697
198.0000 7781
199.0000 7864
200.0000 7945
201.0000 8026
202.0000 8105
203.0000 8183
204.0000 8260
205.0000 8335
206.0000 8410
207.0000 8483
208.0000 8555
209.0000 8625
210.0000 8694
211.0000 8762
212.0000 8829
213.0000 8894
214.0000 8958
215.0000 9021
216.0000 9082
217.0000 9142
218.0000 9201
219.0000 9258
220.0000 9314
221.0000 9368
222.0000 9421
223.0000 9473
224.0000 9523
225.0000 9572
226.0000 9619
227.0000 9665
228.0000 9709
229.0000 9752
230.0000 9794
231.0000 9834
232.0000 9873
233.0000 9910
234.0000 9945
235.0000 9980
236.0000 10012
237.0000 10043
238.0000 10073
239.0000 10101
240.0000 10128
241.0000 10153
242.0000 10177
243.0000 10199
244.0000 10220
245.0000 10239
246.0000 10256
247.0000 10272
248.0000 10287
249.0000 10300
250.0000 10311
251.0000 10321
252.0000 10329
253.0000 10336
254.0000 10341
255.0000 10345
256.0000 10347
257.0000 10347
258.0000 10346
259.0000 10344
260.0000 10340
261.0000 10334
262.0000 10327
263.0000 10318
264.0000 10308
265.0000 10296
266.0000 10283
267.0000 10268
268.0000 10252
269.0000 10234
270.0000 10214
271.0000 10193
272.0000 10171
273.0000 10147
274.0000 10121
275.0000 10094
276.0000 10065
277.0000 10035
278.0000 10004
279.0000 9971
280.0000 9936
281.0000 9900
282.0000 9863
283.0000 9824
284.0000 9783
285.0000 9741
286.0000 9698
287.0000 9653
288.0000 9607
289.0000 9559
290.0000 9510
291.0000 9459
292.0000 9407
293.0000 9354
294.0000 9299
295.0000 9243
296.0000 9185
297.0000 9126
298.0000 9066
299.0000 9004
300.0000 8941
301.0000 8877
302.0000 8811
303.0000 8744
304.0000 8676
305.0000 8607
306.0000 8536
307.0000 8464
308.0000 8390
309.0000 8315
310.0000 8240
311.0000 8162
312.0000 8084
313.0000 8005
314.0000 7924
315.0000 7842
316.0000 7759
317.0000 7675
318.0000 7589
319.0000 7503
320.0000 7415
321.0000 7326
322.0000 7236
323.0000 7145
324.0000 7053
325.0000 6960
326.0000 6866
327.0000 6771
328.0000 6675
329.0000 6578
330.0000 6480
331.0000 6381
332.0000 6281
333.0000 6180
334.0000 6078
335.0000 5975
336.0000 5872
337.0000 5767
338.0000 5662
339.0000 5556
340.0000 5449
341.0000 5341
342.0000 5232
343.0000 5123
344.0000 5012
345.0000 4902
346.0000 4790
347.0000 4678
348.0000 4564
349.0000 4451
350.0000 4336
351.0000 4221
352.0000 4106
353.0000 3989
354.0000 3873
355.0000 3755
356.0000 3637
357.0000 3519
358.0000 3400
359.0000 3280
360.0000 3160
361.0000 3040
362.0000 2919
363.0000 2797
364.0000 2675
365.0000 2553
366.0000 2431
367.0000 2308
368.0000 2185
369.0000 2061
370.0000 1937
371.0000 1813
372.0000 1689
373.0000 1564
374.0000 1439
375.0000 1314
376.0000 1189
377.0000 1063
378.0000 938
379.0000 812
380.0000 686
381.0000 560
382.0000 434
383.0000 308
384.0000 182
385.0000 91
386.0000 217
387.0000 343
388.0000 469
389.0000 595
390.0000 721
391.0000 846
392.0000 972
393.0000 1098
394.0000 1223
395.0000 1348
396.0000 1473
397.0000 1598
398.0000 1723
399.0000 1847
400.0000 1971
401.0000 2095
402.0000 2218
403.0000 2341
404.0000 2464
405.0000 2587
406.0000 2709
407.0000 2830
408.0000 2952
409.0000 3072
410.0000 3193
411.0000 3313
412.0000 3432
413.0000 3551
414.0000 3669
415.0000 3787
416.0000 3905
417.0000 4021
418.0000 4137
419.0000 4253
420.0000 4368
421.0000 4482
422.0000 4596
423.0000 4708
424.0000 4821
425.0000 4932
426.0000 5043
427.0000 5153
428.0000 5262
429.0000 5370
430.0000 5478
431.0000 5585
432.0000 5691
433.0000 5796
434.0000 5900
435.0000 6004
436.0000 6106
437.0000 6208
438.0000 6309
439.0000 6408
440.0000 6507
441.0000 6605
442.0000 6702
443.0000 6798
444.0000 6892
445.0000 6986
446.0000 7079
447.0000 7171
448.0000 7261
449.0000 7351
450.0000 7439
451.0000 7527
452.0000 7613
453.0000 7698
454.0000 7782
455.0000 7865
456.0000 7946
457.0000 8027
458.0000 8106
459.0000 8184
460.0000 8261
461.0000 8336
462.0000 8411
463.0000 8484
464.0000 8556
465.0000 8626
466.0000 8695
467.0000 8763
468.0000 8830
469.0000 8895
470.0000 8959
471.0000 9022
472.0000 9083
473.0000 9143
474.0000 9202
475.0000 9259
476.0000 9315
477.0000 9369
478.0000 9422
479.0000 9474
480.0000 9524
481.0000 9573
482.0000 9620
483.0000 9666
484.0000 9710
485.0000 9753
486.0000 9795
487.0000 9835
488.0000 9874
489.0000 9911
490.0000 9946
491.0000 9981
492.0000 10013
493.0000 10044
494.0000 10074
495.0000 10102
496.0000 10129
497.0000 10154
498.0000 10178
499.0000 10200
500.0000 10221
501.0000 10240
502.0000 10257
503.0000 10273
504.0000 10288
505.0000 10301
506.0000 10312
507.0000 10322
508.0000 10330
509.0000 10337
510.0000 10342
511.0000 10346
