0.0000 5877
1.0000 7558
2.0000 13239
3.0000 7433
4.0000 13299
5.0000 7435
6.0000 13325
7.0000 7419
8.0000 13238
9.0000 7625
10.0000 12944
11.0000 7927
12.0000 12573
13.0000 8333
14.0000 12118
15.0000 8817
16.0000 11586
17.0000 9153
18.0000 11203
19.0000 9457
20.0000 10830
21.0000 9573
22.0000 10615
23.0000 9562
24.0000 10535
25.0000 9412
26.0000 10620
27.0000 8981
28.0000 10933
29.0000 8452
30.0000 11370
31.0000 7797
32.0000 11945
33.0000 7135
34.0000 12368
35.0000 6788
36.0000 12546
37.0000 6647
38.0000 12451
39.0000 6691
40.0000 11808
41.0000 7179
42.0000 10328
43.0000 8348
44.0000 8135
45.0000 10671
46.0000 6418
47.0000 11962
48.0000 6242
49.0000 11344
50.0000 6756
51.0000 8468
52.0000 9603
53.0000 6066
54.0000 11632
55.0000 5911
56.0000 9406
57.0000 8021
58.0000 6005
59.0000 11253
60.0000 5670
61.0000 8219
62.0000 8779
63.0000 5450
64.0000 10333
65.0000 6041
66.0000 5753
67.0000 10613
68.0000 5256
69.0000 6009
70.0000 10101
71.0000 4956
72.0000 5987
73.0000 9764
74.0000 4741
75.0000 5484
76.0000 9698
77.0000 4660
78.0000 5018
79.0000 8931
80.0000 5653
81.0000 4434
82.0000 6124
83.0000 8172
84.0000 3959
85.0000 4581
86.0000 7190
87.0000 6399
88.0000 3622
89.0000 4272
90.0000 6577
91.0000 6327
92.0000 3376
93.0000 3702
94.0000 4353
95.0000 7196
96.0000 4128
97.0000 2926
98.0000 3345
99.0000 3709
100.0000 6374
101.0000 4314
102.0000 2640
103.0000 2564
104.0000 2780
105.0000 3030
106.0000 5093
107.0000 4267
108.0000 2533
109.0000 2073
110.0000 1955
111.0000 1992
112.0000 2085
113.0000 2129
114.0000 3003
115.0000 3376
116.0000 2717
117.0000 2013
118.0000 1407
119.0000 1116
120.0000 1100
121.0000 1001
122.0000 861
123.0000 835
124.0000 685
125.0000 527
126.0000 415
127.0000 269
128.0000 187
129.0000 89
130.0000 181
131.0000 360
132.0000 659
133.0000 878
134.0000 1222
135.0000 1575
136.0000 2022
137.0000 2211
138.0000 2243
139.0000 1892
140.0000 1283
141.0000 1109
142.0000 1369
143.0000 1298
144.0000 1368
145.0000 1433
146.0000 1778
147.0000 2934
148.0000 4714
149.0000 4779
150.0000 2644
151.0000 2163
152.0000 2089
153.0000 2053
154.0000 2989
155.0000 5835
156.0000 5599
157.0000 2794
158.0000 2694
159.0000 2530
160.0000 4410
161.0000 7446
162.0000 3982
163.0000 3182
164.0000 2904
165.0000 5839
166.0000 7467
167.0000 3698
168.0000 3099
169.0000 5036
170.0000 8692
171.0000 4198
172.0000 3374
173.0000 6103
174.0000 8349
175.0000 4247
176.0000 3932
177.0000 9099
178.0000 5908
179.0000 3917
180.0000 7156
181.0000 8309
182.0000 4428
183.0000 6133
184.0000 9562
185.0000 4754
186.0000 6130
187.0000 9875
188.0000 4878
189.0000 7069
190.0000 9418
191.0000 4926
192.0000 9110
193.0000 7990
194.0000 5203
195.0000 11286
196.0000 5907
197.0000 6800
198.0000 10467
199.0000 5501
200.0000 11013
201.0000 6869
202.0000 6966
203.0000 10788
204.0000 5900
205.0000 11865
206.0000 6325
207.0000 9230
208.0000 9250
209.0000 6764
210.0000 11641
211.0000 6316
212.0000 12250
213.0000 6386
214.0000 11310
215.0000 7864
216.0000 9311
217.0000 9843
218.0000 7816
219.0000 11482
220.0000 7128
221.0000 12156
222.0000 6980
223.0000 12547
224.0000 6908
225.0000 12743
226.0000 6919
227.0000 12850
228.0000 7011
229.0000 12805
230.0000 7160
231.0000 12755
232.0000 7331
233.0000 12726
234.0000 7412
235.0000 12773
236.0000 7491
237.0000 12865
238.0000 7459
239.0000 13003
240.0000 7390
241.0000 13126
242.0000 7368
243.0000 13190
244.0000 7434
245.0000 13150
246.0000 7527
247.0000 13053
248.0000 7682
249.0000 12949
250.0000 7845
251.0000 12858
252.0000 8042
253.0000 12695
254.0000 8342
255.0000 12395
256.0000 8808
257.0000 11900
258.0000 9481
259.0000 11235
260.0000 10278
261.0000 10407
262.0000 10999
263.0000 9674
264.0000 11684
265.0000 8868
266.0000 12324
267.0000 8260
268.0000 12707
269.0000 7820
270.0000 12920
271.0000 7564
272.0000 13059
273.0000 7396
274.0000 13084
275.0000 7307
276.0000 13051
277.0000 7246
278.0000 12983
279.0000 7204
280.0000 12969
281.0000 7171
282.0000 12865
283.0000 7154
284.0000 12751
285.0000 7145
286.0000 12482
287.0000 7361
288.0000 11949
289.0000 7757
290.0000 11028
291.0000 8518
292.0000 9713
293.0000 9715
294.0000 8294
295.0000 10911
296.0000 7388
297.0000 11686
298.0000 6884
299.0000 12077
300.0000 6576
301.0000 11459
302.0000 7252
303.0000 8864
304.0000 9680
305.0000 6992
306.0000 11361
307.0000 6300
308.0000 11258
309.0000 6821
310.0000 7797
311.0000 9991
312.0000 6330
313.0000 11223
314.0000 6148
315.0000 7565
316.0000 9782
317.0000 5982
318.0000 10212
319.0000 6810
320.0000 6199
321.0000 10571
322.0000 5527
323.0000 6746
324.0000 9703
325.0000 5370
326.0000 7148
327.0000 8896
328.0000 5214
329.0000 6936
330.0000 8741
331.0000 4981
332.0000 6094
333.0000 9250
334.0000 4732
335.0000 5288
336.0000 8797
337.0000 5293
338.0000 4706
339.0000 6101
340.0000 8180
341.0000 4289
342.0000 4438
343.0000 6519
344.0000 6975
345.0000 3954
346.0000 4138
347.0000 5505
348.0000 7283
349.0000 3519
350.0000 3806
351.0000 4124
352.0000 5904
353.0000 5543
354.0000 3033
355.0000 3361
356.0000 3510
357.0000 4398
358.0000 5850
359.0000 3180
360.0000 2647
361.0000 2781
362.0000 2772
363.0000 3170
364.0000 4079
365.0000 4401
366.0000 2530
367.0000 1862
368.0000 2023
369.0000 1891
370.0000 1882
371.0000 1964
372.0000 2017
373.0000 2050
374.0000 2412
375.0000 2480
376.0000 2047
377.0000 1546
378.0000 1100
379.0000 789
380.0000 636
381.0000 519
382.0000 370
383.0000 282
384.0000 166
385.0000 107
386.0000 279
387.0000 623
388.0000 882
389.0000 1046
390.0000 1075
391.0000 1050
392.0000 1065
393.0000 1161
394.0000 1231
395.0000 1165
396.0000 1211
397.0000 1216
398.0000 1242
399.0000 1171
400.0000 1353
401.0000 1887
402.0000 3518
403.0000 4834
404.0000 3082
405.0000 2630
406.0000 2279
407.0000 1993
408.0000 1850
409.0000 3001
410.0000 6153
411.0000 4381
412.0000 3221
413.0000 2677
414.0000 2350
415.0000 4096
416.0000 7201
417.0000 4109
418.0000 3352
419.0000 2756
420.0000 5151
421.0000 7369
422.0000 4280
423.0000 3368
424.0000 3957
425.0000 8561
426.0000 4887
427.0000 3773
428.0000 4583
429.0000 8868
430.0000 4980
431.0000 3841
432.0000 7422
433.0000 7368
434.0000 4567
435.0000 5052
436.0000 9555
437.0000 5307
438.0000 4515
439.0000 10095
440.0000 5756
441.0000 4679
442.0000 10321
443.0000 5991
444.0000 5044
445.0000 10576
446.0000 5928
447.0000 5915
448.0000 10458
449.0000 5608
450.0000 8537
451.0000 8477
452.0000 5534
453.0000 11118
454.0000 6473
455.0000 7292
456.0000 10133
457.0000 5840
458.0000 11392
459.0000 6736
460.0000 8349
461.0000 9634
462.0000 6271
463.0000 11877
464.0000 6377
465.0000 11389
466.0000 7372
467.0000 8930
468.0000 9717
469.0000 7122
470.0000 11792
471.0000 6527
472.0000 12363
473.0000 6741
474.0000 12184
475.0000 7175
476.0000 11619
477.0000 7893
478.0000 10626
479.0000 8930
480.0000 9732
481.0000 9935
482.0000 9042
483.0000 10720
484.0000 8527
485.0000 11345
486.0000 8305
487.0000 11714
488.0000 8206
489.0000 11915
490.0000 8205
491.0000 11972
492.0000 8354
493.0000 11957
494.0000 8546
495.0000 11820
496.0000 8912
497.0000 11537
498.0000 9382
499.0000 11108
500.0000 10018
501.0000 10558
502.0000 10707
503.0000 9931
504.0000 11376
505.0000 9285
506.0000 11957
507.0000 8755
508.0000 12468
509.0000 8246
510.0000 12861
511.0000 7768
