0.0000 28878
1.0000 28877
2.0000 28872
3.0000 28863
4.0000 28850
5.0000 28832
6.0000 28810
7.0000 28783
8.0000 28753
9.0000 28718
10.0000 28678
11.0000 28635
12.0000 28587
13.0000 28534
14.0000 28478
15.0000 28417
16.0000 28352
17.0000 28283
18.0000 28210
19.0000 28132
20.0000 28050
21.0000 27964
22.0000 27874
23.0000 27779
24.0000 27681
25.0000 27578
26.0000 27471
27.0000 27360
28.0000 27245
29.0000 27126
30.0000 27003
31.0000 26876
32.0000 26745
33.0000 26610
34.0000 26470
35.0000 26327
36.0000 26180
37.0000 26029
38.0000 25874
39.0000 25716
40.0000 25553
41.0000 25387
42.0000 25216
43.0000 25042
44.0000 24865
45.0000 24683
46.0000 24498
47.0000 24309
48.0000 24117
49.0000 23921
50.0000 23721
51.0000 23518
52.0000 23312
53.0000 23102
54.0000 22888
55.0000 22671
56.0000 22451
57.0000 22227
58.0000 22000
59.0000 21770
60.0000 21536
61.0000 21299
62.0000 21059
63.0000 20816
64.0000 20570
65.0000 20321
66.0000 20068
67.0000 19813
68.0000 19555
69.0000 19294
70.0000 19030
71.0000 18763
72.0000 18493
73.0000 18221
74.0000 17945
75.0000 17668
76.0000 17387
77.0000 17104
78.0000 16819
79.0000 16530
80.0000 16240
81.0000 15947
82.0000 15652
83.0000 15354
84.0000 15054
85.0000 14752
86.0000 14447
87.0000 14141
88.0000 13832
89.0000 13522
90.0000 13209
91.0000 12894
92.0000 12578
93.0000 12259
94.0000 11939
95.0000 11617
96.0000 11293
97.0000 10968
98.0000 10641
99.0000 10312
100.0000 9982
101.0000 9651
102.0000 9318
103.0000 8983
104.0000 8647
105.0000 8310
106.0000 7972
107.0000 7633
108.0000 7292
109.0000 6951
110.0000 6608
111.0000 6265
112.0000 5920
113.0000 5575
114.0000 5229
115.0000 4882
116.0000 4534
117.0000 4186
118.0000 3837
119.0000 3488
120.0000 3138
121.0000 2788
122.0000 2437
123.0000 2086
124.0000 1734
125.0000 1383
126.0000 1031
127.0000 679
128.0000 327
129.0000 416
130.0000 768
131.0000 1120
132.0000 1471
133.0000 1823
134.0000 2174
135.0000 2525
136.0000 2876
137.0000 3226
138.0000 3576
139.0000 3925
140.0000 4274
141.0000 4622
142.0000 4969
143.0000 5316
144.0000 5662
145.0000 6007
146.0000 6351
147.0000 6695
148.0000 7037
149.0000 7378
150.0000 7718
151.0000 8058
152.0000 8395
153.0000 8732
154.0000 9067
155.0000 9402
156.0000 9734
157.0000 10065
158.0000 10395
159.0000 10723
160.0000 11050
161.0000 11375
162.0000 11698
163.0000 12020
164.0000 12340
165.0000 12658
166.0000 12974
167.0000 13288
168.0000 13600
169.0000 13910
170.0000 14218
171.0000 14524
172.0000 14828
173.0000 15130
174.0000 15429
175.0000 15726
176.0000 16021
177.0000 16313
178.0000 16603
179.0000 16891
180.0000 17176
181.0000 17458
182.0000 17738
183.0000 18015
184.0000 18289
185.0000 18561
186.0000 18830
187.0000 19096
188.0000 19359
189.0000 19620
190.0000 19877
191.0000 20132
192.0000 20384
193.0000 20632
194.0000 20877
195.0000 21120
196.0000 21359
197.0000 21595
198.0000 21828
199.0000 22057
200.0000 22283
201.0000 22506
202.0000 22726
203.0000 22942
204.0000 23154
205.0000 23364
206.0000 23569
207.0000 23772
208.0000 23970
209.0000 24165
210.0000 24357
211.0000 24545
212.0000 24729
213.0000 24909
214.0000 25086
215.0000 25259
216.0000 25428
217.0000 25594
218.0000 25756
219.0000 25913
220.0000 26067
221.0000 26217
222.0000 26363
223.0000 26505
224.0000 26644
225.0000 26778
226.0000 26908
227.0000 27034
228.0000 27156
229.0000 27274
230.0000 27388
231.0000 27498
232.0000 27604
233.0000 27706
234.0000 27803
235.0000 27896
236.0000 27986
237.0000 28071
238.0000 28151
239.0000 28228
240.0000 28300
241.0000 28368
242.0000 28432
243.0000 28492
244.0000 28547
245.0000 28598
246.0000 28645
247.0000 28688
248.0000 28726
249.0000 28760
250.0000 28790
251.0000 28815
252.0000 28836
253.0000 28853
254.0000 28865
255.0000 28873
256.0000 28877
257.0000 28877
258.0000 28872
259.0000 28862
260.0000 28849
261.0000 28831
262.0000 28809
263.0000 28783
264.0000 28752
265.0000 28717
266.0000 28677
267.0000 28634
268.0000 28586
269.0000 28534
270.0000 28477
271.0000 28417
272.0000 28352
273.0000 28282
274.0000 28209
275.0000 28131
276.0000 28049
277.0000 27963
278.0000 27873
279.0000 27779
280.0000 27680
281.0000 27577
282.0000 27471
283.0000 27360
284.0000 27245
285.0000 27126
286.0000 27002
287.0000 26875
288.0000 26744
289.0000 26609
290.0000 26470
291.0000 26327
292.0000 26179
293.0000 26028
294.0000 25874
295.0000 25715
296.0000 25552
297.0000 25386
298.0000 25216
299.0000 25042
300.0000 24864
301.0000 24683
302.0000 24497
303.0000 24309
304.0000 24116
305.0000 23920
306.0000 23721
307.0000 23518
308.0000 23311
309.0000 23101
310.0000 22887
311.0000 22670
312.0000 22450
313.0000 22226
314.0000 21999
315.0000 21769
316.0000 21535
317.0000 21298
318.0000 21058
319.0000 20815
320.0000 20569
321.0000 20320
322.0000 20068
323.0000 19812
324.0000 19554
325.0000 19293
326.0000 19029
327.0000 18762
328.0000 18492
329.0000 18220
330.0000 17945
331.0000 17667
332.0000 17386
333.0000 17103
334.0000 16818
335.0000 16530
336.0000 16239
337.0000 15946
338.0000 15651
339.0000 15353
340.0000 15053
341.0000 14751
342.0000 14447
343.0000 14140
344.0000 13832
345.0000 13521
346.0000 13208
347.0000 12894
348.0000 12577
349.0000 12259
350.0000 11938
351.0000 11616
352.0000 11293
353.0000 10967
354.0000 10640
355.0000 10312
356.0000 9981
357.0000 9650
358.0000 9317
359.0000 8982
360.0000 8647
361.0000 8310
362.0000 7972
363.0000 7632
364.0000 7292
365.0000 6950
366.0000 6608
367.0000 6264
368.0000 5919
369.0000 5574
370.0000 5228
371.0000 4881
372.0000 4534
373.0000 4185
374.0000 3836
375.0000 3487
376.0000 3137
377.0000 2787
378.0000 2436
379.0000 2085
380.0000 1734
381.0000 1382
382.0000 1030
383.0000 678
384.0000 327
385.0000 417
386.0000 768
387.0000 1120
388.0000 1472
389.0000 1824
390.0000 2175
391.0000 2526
392.0000 2877
393.0000 3227
394.0000 3577
395.0000 3926
396.0000 4274
397.0000 4623
398.0000 4970
399.0000 5317
400.0000 5663
401.0000 6008
402.0000 6352
403.0000 6695
404.0000 7038
405.0000 7379
406.0000 7719
407.0000 8058
408.0000 8396
409.0000 8733
410.0000 9068
411.0000 9402
412.0000 9735
413.0000 10066
414.0000 10396
415.0000 10724
416.0000 11051
417.0000 11376
418.0000 11699
419.0000 12020
420.0000 12340
421.0000 12658
422.0000 12974
423.0000 13288
424.0000 13601
425.0000 13911
426.0000 14219
427.0000 14525
428.0000 14829
429.0000 15130
430.0000 15430
431.0000 15727
432.0000 16022
433.0000 16314
434.0000 16604
435.0000 16891
436.0000 17176
437.0000 17459
438.0000 17738
439.0000 18016
440.0000 18290
441.0000 18562
442.0000 18831
443.0000 19097
444.0000 19360
445.0000 19621
446.0000 19878
447.0000 20133
448.0000 20384
449.0000 20633
450.0000 20878
451.0000 21120
452.0000 21360
453.0000 21596
454.0000 21828
455.0000 22058
456.0000 22284
457.0000 22507
458.0000 22726
459.0000 22943
460.0000 23155
461.0000 23364
462.0000 23570
463.0000 23772
464.0000 23971
465.0000 24166
466.0000 24358
467.0000 24546
468.0000 24730
469.0000 24910
470.0000 25087
471.0000 25260
472.0000 25429
473.0000 25595
474.0000 25756
475.0000 25914
476.0000 26068
477.0000 26218
478.0000 26364
479.0000 26506
480.0000 26644
481.0000 26778
482.0000 26909
483.0000 27035
484.0000 27157
485.0000 27275
486.0000 27389
487.0000 27499
488.0000 27605
489.0000 27706
490.0000 27804
491.0000 27897
492.0000 27986
493.0000 28071
494.0000 28152
495.0000 28229
496.0000 28301
497.0000 28369
498.0000 28433
499.0000 28493
500.0000 28548
501.0000 28599
502.0000 28646
503.0000 28689
504.0000 28727
505.0000 28761
506.0000 28790
507.0000 28816
508.0000 28837
509.0000 28854
510.0000 28866
511.0000 28874
