0.0000 10522
1.0000 10522
2.0000 10521
3.0000 10519
4.0000 10515
5.0000 10509
6.0000 10502
7.0000 10493
8.0000 10483
9.0000 10471
10.0000 10458
11.0000 10443
12.0000 10426
13.0000 10408
14.0000 10389
15.0000 10367
16.0000 10345
17.0000 10320
18.0000 10294
19.0000 10267
20.0000 10238
21.0000 10207
22.0000 10175
23.0000 10142
24.0000 10107
25.0000 10070
26.0000 10032
27.0000 9993
28.0000 9952
29.0000 9909
30.0000 9865
31.0000 9819
32.0000 9772
33.0000 9724
34.0000 9674
35.0000 9623
36.0000 9570
37.0000 9516
38.0000 9460
39.0000 9403
40.0000 9344
41.0000 9285
42.0000 9223
43.0000 9161
44.0000 9097
45.0000 9031
46.0000 8965
47.0000 8897
48.0000 8827
49.0000 8756
50.0000 8684
51.0000 8611
52.0000 8536
53.0000 8461
54.0000 8383
55.0000 8305
56.0000 8225
57.0000 8145
58.0000 8062
59.0000 7979
60.0000 7895
61.0000 7809
62.0000 7722
63.0000 7634
64.0000 7545
65.0000 7455
66.0000 7363
67.0000 7271
68.0000 7177
69.0000 7083
70.0000 6987
71.0000 6890
72.0000 6793
73.0000 6694
74.0000 6594
75.0000 6493
76.0000 6392
77.0000 6289
78.0000 6185
79.0000 6081
80.0000 5976
81.0000 5869
82.0000 5762
83.0000 5654
84.0000 5545
85.0000 5435
86.0000 5325
87.0000 5213
88.0000 5101
89.0000 4989
90.0000 4875
91.0000 4761
92.0000 4646
93.0000 4530
94.0000 4413
95.0000 4296
96.0000 4179
97.0000 4060
98.0000 3941
99.0000 3822
100.0000 3702
101.0000 3581
102.0000 3460
103.0000 3339
104.0000 3216
105.0000 3094
106.0000 2971
107.0000 2847
108.0000 2723
109.0000 2599
110.0000 2474
111.0000 2349
112.0000 2224
113.0000 2098
114.0000 1972
115.0000 1846
116.0000 1719
117.0000 1592
118.0000 1465
119.0000 1338
120.0000 1210
121.0000 1083
122.0000 955
123.0000 827
124.0000 699
125.0000 571
126.0000 442
127.0000 314
128.0000 186
129.0000 69
130.0000 196
131.0000 324
132.0000 453
133.0000 581
134.0000 709
135.0000 837
136.0000 965
137.0000 1093
138.0000 1220
139.0000 1348
140.0000 1475
141.0000 1602
142.0000 1729
143.0000 1856
144.0000 1982
145.0000 2108
146.0000 2234
147.0000 2359
148.0000 2484
149.0000 2609
150.0000 2733
151.0000 2857
152.0000 2981
153.0000 3104
154.0000 3226
155.0000 3348
156.0000 3470
157.0000 3591
158.0000 3712
159.0000 3832
160.0000 3951
161.0000 4070
162.0000 4188
163.0000 4306
164.0000 4423
165.0000 4539
166.0000 4655
167.0000 4770
168.0000 4884
169.0000 4997
170.0000 5110
171.0000 5222
172.0000 5334
173.0000 5444
174.0000 5554
175.0000 5663
176.0000 5770
177.0000 5878
178.0000 5984
179.0000 6089
180.0000 6194
181.0000 6297
182.0000 6400
183.0000 6501
184.0000 6602
185.0000 6702
186.0000 6800
187.0000 6898
188.0000 6995
189.0000 7090
190.0000 7185
191.0000 7278
192.0000 7371
193.0000 7462
194.0000 7552
195.0000 7641
196.0000 7729
197.0000 7816
198.0000 7901
199.0000 7986
200.0000 8069
201.0000 8151
202.0000 8232
203.0000 8311
204.0000 8389
205.0000 8466
206.0000 8542
207.0000 8617
208.0000 8690
209.0000 8762
210.0000 8832
211.0000 8902
212.0000 8970
213.0000 9036
214.0000 9101
215.0000 9165
216.0000 9228
217.0000 9289
218.0000 9349
219.0000 9407
220.0000 9464
221.0000 9520
222.0000 9574
223.0000 9626
224.0000 9678
225.0000 9727
226.0000 9776
227.0000 9823
228.0000 9868
229.0000 9912
230.0000 9954
231.0000 9995
232.0000 10035
233.0000 10073
234.0000 10109
235.0000 10144
236.0000 10177
237.0000 10209
238.0000 10240
239.0000 10269
240.0000 10296
241.0000 10322
242.0000 10346
243.0000 10368
244.0000 10390
245.0000 10409
246.0000 10427
247.0000 10443
248.0000 10458
249.0000 10472
250.0000 10483
251.0000 10494
252.0000 10502
253.0000 10509
254.0000 10515
255.0000 10518
256.0000 10521
257.0000 10521
258.0000 10521
259.0000 10518
260.0000 10514
261.0000 10509
262.0000 10501
263.0000 10493
264.0000 10482
265.0000 10471
266.0000 10457
267.0000 10442
268.0000 10426
269.0000 10407
270.0000 10388
271.0000 10367
272.0000 10344
273.0000 10319
274.0000 10294
275.0000 10266
276.0000 10237
277.0000 10207
278.0000 10175
279.0000 10141
280.0000 10106
281.0000 10069
282.0000 10031
283.0000 9992
284.0000 9951
285.0000 9908
286.0000 9864
287.0000 9819
288.0000 9772
289.0000 9723
290.0000 9673
291.0000 9622
292.0000 9569
293.0000 9515
294.0000 9459
295.0000 9402
296.0000 9344
297.0000 9284
298.0000 9223
299.0000 9160
300.0000 9096
301.0000 9031
302.0000 8964
303.0000 8896
304.0000 8826
305.0000 8756
306.0000 8684
307.0000 8610
308.0000 8536
309.0000 8460
310.0000 8383
311.0000 8304
312.0000 8225
313.0000 8144
314.0000 8062
315.0000 7978
316.0000 7894
317.0000 7808
318.0000 7721
319.0000 7633
320.0000 7544
321.0000 7454
322.0000 7363
323.0000 7270
324.0000 7177
325.0000 7082
326.0000 6986
327.0000 6890
328.0000 6792
329.0000 6693
330.0000 6593
331.0000 6493
332.0000 6391
333.0000 6288
334.0000 6185
335.0000 6080
336.0000 5975
337.0000 5868
338.0000 5761
339.0000 5653
340.0000 5544
341.0000 5435
342.0000 5324
343.0000 5213
344.0000 5101
345.0000 4988
346.0000 4874
347.0000 4760
348.0000 4645
349.0000 4529
350.0000 4413
351.0000 4296
352.0000 4178
353.0000 4060
354.0000 3941
355.0000 3821
356.0000 3701
357.0000 3581
358.0000 3459
359.0000 3338
360.0000 3216
361.0000 3093
362.0000 2970
363.0000 2846
364.0000 2722
365.0000 2598
366.0000 2473
367.0000 2348
368.0000 2223
369.0000 2097
370.0000 1971
371.0000 1845
372.0000 1718
373.0000 1591
374.0000 1464
375.0000 1337
376.0000 1209
377.0000 1082
378.0000 954
379.0000 826
380.0000 698
381.0000 570
382.0000 442
383.0000 313
384.0000 185
385.0000 68
386.0000 197
387.0000 325
388.0000 453
389.0000 582
390.0000 710
391.0000 838
392.0000 966
393.0000 1094
394.0000 1221
395.0000 1349
396.0000 1476
397.0000 1603
398.0000 1730
399.0000 1856
400.0000 1983
401.0000 2109
402.0000 2235
403.0000 2360
404.0000 2485
405.0000 2610
406.0000 2734
407.0000 2858
408.0000 2981
409.0000 3104
410.0000 3227
411.0000 3349
412.0000 3471
413.0000 3592
414.0000 3712
415.0000 3832
416.0000 3952
417.0000 4071
418.0000 4189
419.0000 4306
420.0000 4423
421.0000 4540
422.0000 4655
423.0000 4770
424.0000 4885
425.0000 4998
426.0000 5111
427.0000 5223
428.0000 5334
429.0000 5445
430.0000 5554
431.0000 5663
432.0000 5771
433.0000 5878
434.0000 5985
435.0000 6090
436.0000 6194
437.0000 6298
438.0000 6401
439.0000 6502
440.0000 6603
441.0000 6702
442.0000 6801
443.0000 6899
444.0000 6995
445.0000 7091
446.0000 7186
447.0000 7279
448.0000 7371
449.0000 7463
450.0000 7553
451.0000 7642
452.0000 7730
453.0000 7816
454.0000 7902
455.0000 7986
456.0000 8070
457.0000 8152
458.0000 8232
459.0000 8312
460.0000 8390
461.0000 8467
462.0000 8543
463.0000 8617
464.0000 8691
465.0000 8763
466.0000 8833
467.0000 8902
468.0000 8970
469.0000 9037
470.0000 9102
471.0000 9166
472.0000 9229
473.0000 9290
474.0000 9350
475.0000 9408
476.0000 9465
477.0000 9520
478.0000 9574
479.0000 9627
480.0000 9678
481.0000 9728
482.0000 9776
483.0000 9823
484.0000 9869
485.0000 9913
486.0000 9955
487.0000 9996
488.0000 10036
489.0000 10073
490.0000 10110
491.0000 10145
492.0000 10178
493.0000 10210
494.0000 10240
495.0000 10269
496.0000 10297
497.0000 10322
498.0000 10347
499.0000 10369
500.0000 10390
501.0000 10410
502.0000 10428
503.0000 10444
504.0000 10459
505.0000 10472
506.0000 10484
507.0000 10494
508.0000 10503
509.0000 10510
510.0000 10515
511.0000 10519
