0.0000 10627
1.0000 10626
2.0000 10623
3.0000 10619
4.0000 10614
5.0000 10606
6.0000 10597
7.0000 10587
8.0000 10575
9.0000 10561
10.0000 10546
11.0000 10530
12.0000 10511
13.0000 10491
14.0000 10470
15.0000 10447
16.0000 10423
17.0000 10397
18.0000 10369
19.0000 10340
20.0000 10309
21.0000 10277
22.0000 10243
23.0000 10208
24.0000 10171
25.0000 10133
26.0000 10093
27.0000 10052
28.0000 10009
29.0000 9965
30.0000 9919
31.0000 9872
32.0000 9823
33.0000 9773
34.0000 9721
35.0000 9668
36.0000 9614
37.0000 9558
38.0000 9500
39.0000 9442
40.0000 9381
41.0000 9320
42.0000 9257
43.0000 9193
44.0000 9127
45.0000 9060
46.0000 8992
47.0000 8922
48.0000 8851
49.0000 8779
50.0000 8705
51.0000 8630
52.0000 8554
53.0000 8476
54.0000 8398
55.0000 8318
56.0000 8237
57.0000 8154
58.0000 8071
59.0000 7986
60.0000 7900
61.0000 7813
62.0000 7724
63.0000 7635
64.0000 7544
65.0000 7452
66.0000 7360
67.0000 7266
68.0000 7171
69.0000 7075
70.0000 6978
71.0000 6880
72.0000 6780
73.0000 6680
74.0000 6579
75.0000 6477
76.0000 6374
77.0000 6270
78.0000 6165
79.0000 6059
80.0000 5953
81.0000 5845
82.0000 5737
83.0000 5627
84.0000 5517
85.0000 5406
86.0000 5295
87.0000 5182
88.0000 5069
89.0000 4955
90.0000 4840
91.0000 4725
92.0000 4609
93.0000 4492
94.0000 4374
95.0000 4256
96.0000 4137
97.0000 4018
98.0000 3898
99.0000 3778
100.0000 3657
101.0000 3535
102.0000 3413
103.0000 3291
104.0000 3168
105.0000 3044
106.0000 2920
107.0000 2796
108.0000 2671
109.0000 2546
110.0000 2421
111.0000 2295
112.0000 2169
113.0000 2042
114.0000 1915
115.0000 1788
116.0000 1661
117.0000 1534
118.0000 1406
119.0000 1278
120.0000 1150
121.0000 1022
122.0000 893
123.0000 765
124.0000 636
125.0000 508
126.0000 379
127.0000 250
128.0000 150
129.0000 278
130.0000 407
131.0000 536
132.0000 664
133.0000 793
134.0000 921
135.0000 1050
136.0000 1178
137.0000 1306
138.0000 1434
139.0000 1561
140.0000 1689
141.0000 1816
142.0000 1943
143.0000 2070
144.0000 2196
145.0000 2322
146.0000 2448
147.0000 2573
148.0000 2698
149.0000 2823
150.0000 2947
151.0000 3071
152.0000 3194
153.0000 3317
154.0000 3440
155.0000 3562
156.0000 3683
157.0000 3804
158.0000 3924
159.0000 4044
160.0000 4163
161.0000 4282
162.0000 4400
163.0000 4517
164.0000 4634
165.0000 4750
166.0000 4865
167.0000 4980
168.0000 5093
169.0000 5206
170.0000 5319
171.0000 5430
172.0000 5541
173.0000 5651
174.0000 5760
175.0000 5868
176.0000 5976
177.0000 6082
178.0000 6188
179.0000 6293
180.0000 6396
181.0000 6499
182.0000 6601
183.0000 6702
184.0000 6802
185.0000 6901
186.0000 6999
187.0000 7096
188.0000 7191
189.0000 7286
190.0000 7380
191.0000 7472
192.0000 7564
193.0000 7654
194.0000 7743
195.0000 7831
196.0000 7918
197.0000 8004
198.0000 8089
199.0000 8172
200.0000 8254
201.0000 8335
202.0000 8415
203.0000 8493
204.0000 8571
205.0000 8646
206.0000 8721
207.0000 8794
208.0000 8866
209.0000 8937
210.0000 9007
211.0000 9075
212.0000 9141
213.0000 9207
214.0000 9271
215.0000 9333
216.0000 9395
217.0000 9454
218.0000 9513
219.0000 9570
220.0000 9625
221.0000 9680
222.0000 9732
223.0000 9784
224.0000 9834
225.0000 9882
226.0000 9929
227.0000 9974
228.0000 10018
229.0000 10061
230.0000 10102
231.0000 10141
232.0000 10179
233.0000 10216
234.0000 10250
235.0000 10284
236.0000 10316
237.0000 10346
238.0000 10375
239.0000 10402
240.0000 10428
241.0000 10452
242.0000 10475
243.0000 10496
244.0000 10515
245.0000 10533
246.0000 10550
247.0000 10564
248.0000 10578
249.0000 10589
250.0000 10599
251.0000 10608
252.0000 10615
253.0000 10620
254.0000 10624
255.0000 10626
256.0000 10627
257.0000 10626
258.0000 10623
259.0000 10619
260.0000 10613
261.0000 10606
262.0000 10597
263.0000 10587
264.0000 10575
265.0000 10561
266.0000 10546
267.0000 10529
268.0000 10511
269.0000 10491
270.0000 10470
271.0000 10447
272.0000 10422
273.0000 10396
274.0000 10369
275.0000 10340
276.0000 10309
277.0000 10277
278.0000 10243
279.0000 10208
280.0000 10171
281.0000 10133
282.0000 10093
283.0000 10052
284.0000 10009
285.0000 9965
286.0000 9919
287.0000 9872
288.0000 9823
289.0000 9773
290.0000 9721
291.0000 9668
292.0000 9614
293.0000 9558
294.0000 9500
295.0000 9442
296.0000 9381
297.0000 9320
298.0000 9257
299.0000 9193
300.0000 9127
301.0000 9060
302.0000 8992
303.0000 8922
304.0000 8851
305.0000 8779
306.0000 8705
307.0000 8630
308.0000 8554
309.0000 8476
310.0000 8398
311.0000 8318
312.0000 8236
313.0000 8154
314.0000 8070
315.0000 7986
316.0000 7900
317.0000 7812
318.0000 7724
319.0000 7635
320.0000 7544
321.0000 7452
322.0000 7360
323.0000 7266
324.0000 7171
325.0000 7075
326.0000 6978
327.0000 6879
328.0000 6780
329.0000 6680
330.0000 6579
331.0000 6477
332.0000 6374
333.0000 6270
334.0000 6165
335.0000 6059
336.0000 5952
337.0000 5845
338.0000 5736
339.0000 5627
340.0000 5517
341.0000 5406
342.0000 5294
343.0000 5182
344.0000 5069
345.0000 4955
346.0000 4840
347.0000 4725
348.0000 4608
349.0000 4492
350.0000 4374
351.0000 4256
352.0000 4137
353.0000 4018
354.0000 3898
355.0000 3778
356.0000 3657
357.0000 3535
358.0000 3413
359.0000 3291
360.0000 3168
361.0000 3044
362.0000 2920
363.0000 2796
364.0000 2671
365.0000 2546
366.0000 2420
367.0000 2295
368.0000 2168
369.0000 2042
370.0000 1915
371.0000 1788
372.0000 1661
373.0000 1534
374.0000 1406
375.0000 1278
376.0000 1150
377.0000 1022
378.0000 893
379.0000 765
380.0000 636
381.0000 508
382.0000 379
383.0000 251
384.0000 150
385.0000 278
386.0000 407
387.0000 536
388.0000 664
389.0000 793
390.0000 921
391.0000 1050
392.0000 1178
393.0000 1306
394.0000 1434
395.0000 1561
396.0000 1689
397.0000 1816
398.0000 1943
399.0000 2070
400.0000 2196
401.0000 2322
402.0000 2448
403.0000 2573
404.0000 2698
405.0000 2823
406.0000 2947
407.0000 3071
408.0000 3194
409.0000 3317
410.0000 3440
411.0000 3562
412.0000 3683
413.0000 3804
414.0000 3924
415.0000 4044
416.0000 4163
417.0000 4282
418.0000 4400
419.0000 4517
420.0000 4634
421.0000 4750
422.0000 4865
423.0000 4980
424.0000 5093
425.0000 5207
426.0000 5319
427.0000 5430
428.0000 5541
429.0000 5651
430.0000 5760
431.0000 5868
432.0000 5976
433.0000 6082
434.0000 6188
435.0000 6293
436.0000 6396
437.0000 6499
438.0000 6601
439.0000 6702
440.0000 6802
441.0000 6901
442.0000 6999
443.0000 7096
444.0000 7191
445.0000 7286
446.0000 7380
447.0000 7472
448.0000 7564
449.0000 7654
450.0000 7744
451.0000 7832
452.0000 7919
453.0000 8004
454.0000 8089
455.0000 8172
456.0000 8254
457.0000 8335
458.0000 8415
459.0000 8493
460.0000 8571
461.0000 8647
462.0000 8721
463.0000 8795
464.0000 8867
465.0000 8937
466.0000 9007
467.0000 9075
468.0000 9141
469.0000 9207
470.0000 9271
471.0000 9333
472.0000 9395
473.0000 9455
474.0000 9513
475.0000 9570
476.0000 9626
477.0000 9680
478.0000 9733
479.0000 9784
480.0000 9834
481.0000 9882
482.0000 9929
483.0000 9974
484.0000 10018
485.0000 10061
486.0000 10102
487.0000 10141
488.0000 10179
489.0000 10216
490.0000 10251
491.0000 10284
492.0000 10316
493.0000 10346
494.0000 10375
495.0000 10402
496.0000 10428
497.0000 10452
498.0000 10475
499.0000 10496
500.0000 10515
501.0000 10533
502.0000 10550
503.0000 10565
504.0000 10578
505.0000 10589
506.0000 10599
507.0000 10608
508.0000 10615
509.0000 10620
510.0000 10624
511.0000 10626
