0.0000 6375
1.0000 31343
2.0000 23512
3.0000 30266
4.0000 24842
5.0000 28827
6.0000 26752
7.0000 26759
8.0000 28482
9.0000 25012
10.0000 29689
11.0000 23877
12.0000 30445
13.0000 23243
14.0000 30826
15.0000 22961
16.0000 30997
17.0000 22775
18.0000 31126
19.0000 22719
20.0000 31147
21.0000 22816
22.0000 30988
23.0000 23138
24.0000 30342
25.0000 23870
26.0000 28787
27.0000 25642
28.0000 25752
29.0000 28673
30.0000 22633
31.0000 30881
32.0000 22410
33.0000 30462
34.0000 24523
35.0000 24524
36.0000 29692
37.0000 21945
38.0000 29725
39.0000 25454
40.0000 22067
41.0000 30655
42.0000 23867
43.0000 22330
44.0000 30275
45.0000 23905
46.0000 21559
47.0000 28966
48.0000 25357
49.0000 21592
50.0000 23342
51.0000 28969
52.0000 23689
53.0000 21260
54.0000 21976
55.0000 26675
56.0000 25368
57.0000 22520
58.0000 20932
59.0000 20720
60.0000 22528
61.0000 24583
62.0000 24627
63.0000 21826
64.0000 21180
65.0000 21018
66.0000 20412
67.0000 20121
68.0000 19994
69.0000 19934
70.0000 19895
71.0000 19827
72.0000 19733
73.0000 19672
74.0000 19583
75.0000 19376
76.0000 18812
77.0000 18337
78.0000 18164
79.0000 15482
80.0000 14408
81.0000 16387
82.0000 18613
83.0000 18398
84.0000 16739
85.0000 12201
86.0000 13618
87.0000 18164
88.0000 16264
89.0000 10471
90.0000 14026
91.0000 16940
92.0000 10965
93.0000 11979
94.0000 16138
95.0000 8054
96.0000 14784
97.0000 12137
98.0000 8766
99.0000 14613
100.0000 6030
101.0000 14687
102.0000 5380
103.0000 14105
104.0000 5311
105.0000 11874
106.0000 7359
107.0000 5978
108.0000 11703
109.0000 3793
110.0000 8983
111.0000 8559
112.0000 3091
113.0000 6772
114.0000 9071
115.0000 3862
116.0000 2390
117.0000 6046
118.0000 7633
119.0000 3724
120.0000 2337
121.0000 1536
122.0000 2253
123.0000 3311
124.0000 3857
125.0000 3254
126.0000 2189
127.0000 1203
128.0000 567
129.0000 193
130.0000 448
131.0000 835
132.0000 960
133.0000 1061
134.0000 1193
135.0000 1858
136.0000 2445
137.0000 3098
138.0000 5704
139.0000 6571
140.0000 3151
141.0000 3539
142.0000 4263
143.0000 9110
144.0000 4618
145.0000 4544
146.0000 8217
147.0000 7675
148.0000 5095
149.0000 10723
150.0000 6079
151.0000 7866
152.0000 10827
153.0000 6423
154.0000 12723
155.0000 6600
156.0000 13357
157.0000 7195
158.0000 13639
159.0000 8810
160.0000 12392
161.0000 12984
162.0000 9927
163.0000 15078
164.0000 10922
165.0000 12649
166.0000 15851
167.0000 12361
168.0000 12528
169.0000 15863
170.0000 16861
171.0000 12637
172.0000 14131
173.0000 16549
174.0000 17747
175.0000 17513
176.0000 15348
177.0000 15000
178.0000 16570
179.0000 17837
180.0000 18305
181.0000 18548
182.0000 19041
183.0000 19344
184.0000 19373
185.0000 19510
186.0000 19597
187.0000 19765
188.0000 19834
189.0000 19886
190.0000 20003
191.0000 20373
192.0000 20812
193.0000 20993
194.0000 21693
195.0000 23493
196.0000 24339
197.0000 23009
198.0000 21022
199.0000 21111
200.0000 22246
201.0000 24740
202.0000 26535
203.0000 22466
204.0000 21681
205.0000 23441
206.0000 28256
207.0000 24003
208.0000 22062
209.0000 25034
210.0000 28994
211.0000 22096
212.0000 23923
213.0000 30127
214.0000 23170
215.0000 23890
216.0000 30723
217.0000 22868
218.0000 25482
219.0000 30222
220.0000 22780
221.0000 29529
222.0000 25603
223.0000 24718
224.0000 31175
225.0000 23102
226.0000 31022
227.0000 24035
228.0000 28714
229.0000 26933
230.0000 25891
231.0000 30055
232.0000 24254
233.0000 31462
234.0000 23598
235.0000 31952
236.0000 23539
237.0000 31987
238.0000 23471
239.0000 31998
240.0000 23547
241.0000 31941
242.0000 23602
243.0000 31814
244.0000 23703
245.0000 31635
246.0000 24046
247.0000 30927
248.0000 24975
249.0000 29926
250.0000 26575
251.0000 28315
252.0000 28496
253.0000 26296
254.0000 30275
255.0000 24598
256.0000 31305
257.0000 23561
258.0000 31719
259.0000 23310
260.0000 31348
261.0000 23491
262.0000 30820
263.0000 24360
264.0000 29819
265.0000 25463
266.0000 28531
267.0000 26883
268.0000 27195
269.0000 27895
270.0000 26182
271.0000 28604
272.0000 25470
273.0000 28782
274.0000 25206
275.0000 28441
276.0000 25507
277.0000 27835
278.0000 26082
279.0000 26530
280.0000 27372
281.0000 24801
282.0000 29163
283.0000 23353
284.0000 30455
285.0000 22356
286.0000 30291
287.0000 22997
288.0000 26925
289.0000 26890
290.0000 23348
291.0000 30257
292.0000 22075
293.0000 26532
294.0000 27221
295.0000 22311
296.0000 28533
297.0000 24275
298.0000 22886
299.0000 28585
300.0000 23803
301.0000 22449
302.0000 26939
303.0000 25724
304.0000 21402
305.0000 23550
306.0000 28001
307.0000 22945
308.0000 21366
309.0000 22840
310.0000 26371
311.0000 24478
312.0000 20872
313.0000 21300
314.0000 21975
315.0000 23601
316.0000 24720
317.0000 22867
318.0000 20863
319.0000 20338
320.0000 20459
321.0000 20596
322.0000 20577
323.0000 20380
324.0000 20189
325.0000 20043
326.0000 19822
327.0000 19631
328.0000 19429
329.0000 19239
330.0000 18997
331.0000 18862
332.0000 18723
333.0000 18835
334.0000 18895
335.0000 18505
336.0000 16114
337.0000 14079
338.0000 15748
339.0000 17201
340.0000 17834
341.0000 16881
342.0000 11460
343.0000 14885
344.0000 16778
345.0000 15484
346.0000 10082
347.0000 15408
348.0000 15990
349.0000 8612
350.0000 14967
351.0000 13066
352.0000 9766
353.0000 15409
354.0000 7123
355.0000 14353
356.0000 7691
357.0000 13008
358.0000 7497
359.0000 12735
360.0000 6314
361.0000 13363
362.0000 5173
363.0000 11383
364.0000 7047
365.0000 6444
366.0000 12327
367.0000 4293
368.0000 6446
369.0000 11198
370.0000 4836
371.0000 4258
372.0000 6929
373.0000 9189
374.0000 4318
375.0000 2515
376.0000 3485
377.0000 4542
378.0000 5459
379.0000 4867
380.0000 3685
381.0000 1921
382.0000 1137
383.0000 746
384.0000 474
385.0000 172
386.0000 759
387.0000 1566
388.0000 1999
389.0000 2542
390.0000 2664
391.0000 2975
392.0000 2389
393.0000 3156
394.0000 3167
395.0000 6431
396.0000 7014
397.0000 4206
398.0000 3964
399.0000 6423
400.0000 9776
401.0000 5348
402.0000 5171
403.0000 11952
404.0000 6443
405.0000 7007
406.0000 12435
407.0000 5930
408.0000 13114
409.0000 7747
410.0000 11845
411.0000 10194
412.0000 11726
413.0000 10838
414.0000 13753
415.0000 9710
416.0000 16246
417.0000 8873
418.0000 16913
419.0000 13262
420.0000 11522
421.0000 18164
422.0000 13463
423.0000 12407
424.0000 18340
425.0000 16877
426.0000 12798
427.0000 15145
428.0000 18766
429.0000 18399
430.0000 16249
431.0000 14546
432.0000 16001
433.0000 18209
434.0000 19277
435.0000 19184
436.0000 18966
437.0000 18539
438.0000 18768
439.0000 18876
440.0000 18942
441.0000 19265
442.0000 19726
443.0000 20134
444.0000 20431
445.0000 20608
446.0000 20673
447.0000 20843
448.0000 20839
449.0000 20732
450.0000 20476
451.0000 20523
452.0000 21666
453.0000 24211
454.0000 24796
455.0000 22842
456.0000 21872
457.0000 20962
458.0000 23033
459.0000 26993
460.0000 24112
461.0000 22167
462.0000 21983
463.0000 27864
464.0000 25130
465.0000 22230
466.0000 24340
467.0000 28469
468.0000 23551
469.0000 22837
470.0000 29654
471.0000 24037
472.0000 23359
473.0000 29991
474.0000 23645
475.0000 25994
476.0000 28613
477.0000 22492
478.0000 30516
479.0000 24836
480.0000 25736
481.0000 29125
482.0000 22780
483.0000 31276
484.0000 23371
485.0000 30452
486.0000 24730
487.0000 28260
488.0000 26787
489.0000 26327
490.0000 28533
491.0000 25029
492.0000 29646
493.0000 24503
494.0000 30111
495.0000 24364
496.0000 30218
497.0000 24501
498.0000 30032
499.0000 25022
500.0000 29365
501.0000 25888
502.0000 28352
503.0000 27207
504.0000 26816
505.0000 28638
506.0000 25147
507.0000 29873
508.0000 23855
509.0000 30856
510.0000 22995
511.0000 31195
